{
 "cells": [
  {
   "cell_type": "code",
   "execution_count": 1,
   "metadata": {},
   "outputs": [],
   "source": [
    "import tensorflow as tf\n",
    "from flows import NormalRW, DFlow, ResFlow, NVPFlow, phase, Normal, floatX, MVNormal, MVNormalRW, Linear, CFlow, LinearChol\n",
    "import numpy as np\n",
    "import pandas as pd\n",
    "from matplotlib import pyplot as plt\n",
    "import seaborn as sns\n",
    "from tensorflow.contrib.distributions import WishartCholesky\n",
    "\n",
    "np.random.seed(1234)"
   ]
  },
  {
   "cell_type": "code",
   "execution_count": 2,
   "metadata": {},
   "outputs": [],
   "source": [
    "data = pd.read_csv('./data/test_rus_data.csv').values.astype(floatX).T[np.newaxis][:,2:]/100"
   ]
  },
  {
   "cell_type": "code",
   "execution_count": 3,
   "metadata": {},
   "outputs": [
    {
     "name": "stdout",
     "output_type": "stream",
     "text": [
      "[0.21742282 0.16835931 0.01139835]\n"
     ]
    }
   ],
   "source": [
    "stds = (data[0,1:] - data[0,:-1]).std(axis=0)\n",
    "print(stds)\n",
    "data /= stds"
   ]
  },
  {
   "cell_type": "code",
   "execution_count": 4,
   "metadata": {},
   "outputs": [],
   "source": [
    "xs = data"
   ]
  },
  {
   "cell_type": "code",
   "execution_count": 5,
   "metadata": {},
   "outputs": [],
   "source": [
    "n = data.shape[1]\n",
    "s1 = 0.01\n",
    "s0 = 2.\n",
    "dim = [3,4]\n",
    "\n",
    "k = dim[0] * dim[1]\n",
    "# with tf.variable_scope('pwalk_inf', reuse=tf.AUTO_REUSE):\n",
    "#     lowerd = DFlow([NVPFlow(dim=k*(k-1)//2 + k, name='lowerd_flow_' + str(i)) for i in range(2)])\n",
    "#     ldiag = DFlow([NVPFlow(dim=k, name='ldiag_flow_' + str(i)) for i in range(4)])\n",
    "# PWalk = MVNormalRW(dim[0]*dim[1], sigma=s1, sigma0=s0, name='param_walk_prior', \n",
    "#                    lowerd=lowerd.output[0], ldiag=ldiag.output[0]+np.log(1/s1))\n",
    "PWalk = MVNormalRW(dim[0]*dim[1], sigma=s1, sigma0=s0, name='param_walk_prior')"
   ]
  },
  {
   "cell_type": "code",
   "execution_count": 6,
   "metadata": {},
   "outputs": [],
   "source": [
    "def autoregr_tf(X, param):\n",
    "    d = param[:,:dim[-1]-1]\n",
    "    X = tf.matmul(X, d) + param[:,-1][np.newaxis]\n",
    "    return X"
   ]
  },
  {
   "cell_type": "code",
   "execution_count": 7,
   "metadata": {},
   "outputs": [],
   "source": [
    "out_flow = DFlow([LinearChol(n*dim[0]*dim[1], name='approx')])"
   ]
  },
  {
   "cell_type": "code",
   "execution_count": 8,
   "metadata": {},
   "outputs": [],
   "source": [
    "outputs = tf.reshape(out_flow.output, [1, n, dim[0]*dim[1]])"
   ]
  },
  {
   "cell_type": "code",
   "execution_count": 9,
   "metadata": {},
   "outputs": [],
   "source": [
    "prior = PWalk.logdens(outputs)"
   ]
  },
  {
   "cell_type": "code",
   "execution_count": 10,
   "metadata": {},
   "outputs": [
    {
     "data": {
      "text/plain": [
       "<tf.Tensor 'param_walk_prior_2/logdens/add:0' shape=() dtype=float64>"
      ]
     },
     "execution_count": 10,
     "metadata": {},
     "output_type": "execute_result"
    }
   ],
   "source": [
    "prior"
   ]
  },
  {
   "cell_type": "code",
   "execution_count": 11,
   "metadata": {},
   "outputs": [],
   "source": [
    "def create_loglik2():\n",
    "    obs_d = Normal(dim=None, sigma=1., mu=0)\n",
    "    out = tf.reshape(outputs, [n, dim[0], dim[1]])\n",
    "    \n",
    "    def step1(current):\n",
    "        X = current[0][np.newaxis]\n",
    "        param = current[1]\n",
    "        d = param[:,:dim[-1]-1]\n",
    "        X = tf.matmul(X, d)[0] + param[:,-1]\n",
    "        return X\n",
    "    \n",
    "    ar = tf.map_fn(step1, (xs[0][:-1], out[:-1]), dtype=tf.float64)\n",
    "    return obs_d.logdens(ar - xs[0][1:])"
   ]
  },
  {
   "cell_type": "code",
   "execution_count": 12,
   "metadata": {},
   "outputs": [],
   "source": [
    "logl = create_loglik2()"
   ]
  },
  {
   "cell_type": "code",
   "execution_count": 13,
   "metadata": {},
   "outputs": [],
   "source": [
    "ent = out_flow.logdens"
   ]
  },
  {
   "cell_type": "code",
   "execution_count": 14,
   "metadata": {},
   "outputs": [
    {
     "data": {
      "text/plain": [
       "<tf.Tensor 'sub_1:0' shape=() dtype=float64>"
      ]
     },
     "execution_count": 14,
     "metadata": {},
     "output_type": "execute_result"
    }
   ],
   "source": [
    "ent"
   ]
  },
  {
   "cell_type": "code",
   "execution_count": 15,
   "metadata": {},
   "outputs": [],
   "source": [
    "df = dim[0]*dim[1]*5\n",
    "pmat = np.diag([(1/s1**2)]*(dim[0]*dim[1]))/df\n",
    "cov_prior = WishartCholesky(df, pmat, cholesky_input_output_matrices=True)"
   ]
  },
  {
   "cell_type": "code",
   "execution_count": 16,
   "metadata": {},
   "outputs": [],
   "source": [
    "loss = -logl - prior + ent# - cov_prior.log_prob(PWalk.fsigma) + lowerd.logdens + ldiag.logdens\n",
    "loss /= n*dim[0]*dim[1]"
   ]
  },
  {
   "cell_type": "code",
   "execution_count": 17,
   "metadata": {},
   "outputs": [
    {
     "data": {
      "text/plain": [
       "<tf.Tensor 'loss:0' shape=() dtype=string>"
      ]
     },
     "execution_count": 17,
     "metadata": {},
     "output_type": "execute_result"
    }
   ],
   "source": [
    "tf.summary.scalar('loss', loss)"
   ]
  },
  {
   "cell_type": "code",
   "execution_count": 18,
   "metadata": {},
   "outputs": [],
   "source": [
    "opt = tf.train.AdamOptimizer(0.0001).minimize(loss)"
   ]
  },
  {
   "cell_type": "code",
   "execution_count": 19,
   "metadata": {},
   "outputs": [],
   "source": [
    "sess = tf.InteractiveSession()"
   ]
  },
  {
   "cell_type": "code",
   "execution_count": 20,
   "metadata": {},
   "outputs": [],
   "source": [
    "tf.global_variables_initializer().run()"
   ]
  },
  {
   "cell_type": "code",
   "execution_count": 21,
   "metadata": {},
   "outputs": [
    {
     "data": {
      "text/plain": [
       "(-2658496.6709917434, -346.6856836290738, -2772.4231692980948)"
      ]
     },
     "execution_count": 21,
     "metadata": {},
     "output_type": "execute_result"
    }
   ],
   "source": [
    "prior.eval(), ent.eval(), logl.eval()"
   ]
  },
  {
   "cell_type": "code",
   "execution_count": 22,
   "metadata": {},
   "outputs": [
    {
     "data": {
      "text/plain": [
       "12652.879483862796"
      ]
     },
     "execution_count": 22,
     "metadata": {},
     "output_type": "execute_result"
    }
   ],
   "source": [
    "loss.eval()"
   ]
  },
  {
   "cell_type": "code",
   "execution_count": 23,
   "metadata": {},
   "outputs": [],
   "source": [
    "np.set_printoptions(precision=4)"
   ]
  },
  {
   "cell_type": "code",
   "execution_count": 24,
   "metadata": {},
   "outputs": [
    {
     "data": {
      "text/plain": [
       "array([[ 1.0000e+04,  1.0931e+00, -5.3984e+00],\n",
       "       [ 1.0931e+00,  1.0000e+04,  2.3170e+00],\n",
       "       [-5.3984e+00,  2.3170e+00,  1.0000e+04]])"
      ]
     },
     "execution_count": 24,
     "metadata": {},
     "output_type": "execute_result"
    }
   ],
   "source": [
    "PWalk.inverse_sigma.eval()[:3,:3]"
   ]
  },
  {
   "cell_type": "code",
   "execution_count": 25,
   "metadata": {},
   "outputs": [],
   "source": [
    "# all_sum = tf.summary.merge_all()\n",
    "# writer = tf.summary.FileWriter('/tmp/tfdbg')"
   ]
  },
  {
   "cell_type": "code",
   "execution_count": null,
   "metadata": {
    "scrolled": true
   },
   "outputs": [
    {
     "name": "stdout",
     "output_type": "stream",
     "text": [
      "0.35695852679966056\n",
      "[[16.5777  0.1642 -0.3625]\n",
      " [ 0.1642 17.0887 -1.2224]\n",
      " [-0.3625 -1.2224 13.8068]]\n",
      "\n",
      "\n",
      "0.3726198549039658\n",
      "[[16.593   0.1628 -0.3549]\n",
      " [ 0.1628 17.23   -1.2254]\n",
      " [-0.3549 -1.2254 13.7547]]\n",
      "\n",
      "\n",
      "0.3496976487527238\n",
      "[[16.5772  0.1633 -0.3609]\n",
      " [ 0.1633 17.0999 -1.2021]\n",
      " [-0.3609 -1.2021 13.7742]]\n",
      "\n",
      "\n",
      "0.36906880224775507\n",
      "[[16.5755  0.1547 -0.3436]\n",
      " [ 0.1547 17.1341 -1.1981]\n",
      " [-0.3436 -1.1981 13.7721]]\n",
      "\n",
      "\n",
      "0.35962389605056605\n",
      "[[16.5808  0.152  -0.3454]\n",
      " [ 0.152  17.1184 -1.2086]\n",
      " [-0.3454 -1.2086 13.7587]]\n",
      "\n",
      "\n",
      "0.37318641447099615\n",
      "[[16.2039  0.187  -0.336 ]\n",
      " [ 0.187  16.9968 -1.1768]\n",
      " [-0.336  -1.1768 13.5139]]\n",
      "\n",
      "\n",
      "0.35227114978089585\n",
      "[[16.1754  0.1955 -0.3249]\n",
      " [ 0.1955 16.9826 -1.1883]\n",
      " [-0.3249 -1.1883 13.5157]]\n",
      "\n",
      "\n",
      "0.35231081493118105\n",
      "[[16.2321  0.1976 -0.3343]\n",
      " [ 0.1976 17.0409 -1.184 ]\n",
      " [-0.3343 -1.184  13.5777]]\n",
      "\n",
      "\n",
      "0.32784073038980216\n",
      "[[16.2407  0.1849 -0.3414]\n",
      " [ 0.1849 16.9384 -1.1865]\n",
      " [-0.3414 -1.1865 13.5408]]\n",
      "\n",
      "\n",
      "0.3593432056844955\n",
      "[[16.328   0.1866 -0.3471]\n",
      " [ 0.1866 17.0349 -1.1931]\n",
      " [-0.3471 -1.1931 13.4979]]\n",
      "\n",
      "\n",
      "0.3779536986230082\n",
      "[[16.2899  0.1766 -0.3575]\n",
      " [ 0.1766 16.9865 -1.1747]\n",
      " [-0.3575 -1.1747 13.4625]]\n",
      "\n",
      "\n",
      "0.4253893177833478\n",
      "[[16.3314  0.1736 -0.3621]\n",
      " [ 0.1736 16.933  -1.1854]\n",
      " [-0.3621 -1.1854 13.4876]]\n",
      "\n",
      "\n",
      "0.3364094958873867\n",
      "[[16.3473  0.1684 -0.3463]\n",
      " [ 0.1684 16.9562 -1.1823]\n",
      " [-0.3463 -1.1823 13.446 ]]\n",
      "\n",
      "\n",
      "0.33709443237656783\n",
      "[[16.3615  0.1854 -0.3353]\n",
      " [ 0.1854 16.9298 -1.1868]\n",
      " [-0.3353 -1.1868 13.495 ]]\n",
      "\n",
      "\n",
      "0.3602301549229647\n",
      "[[16.4183  0.1893 -0.3472]\n",
      " [ 0.1893 16.9043 -1.1903]\n",
      " [-0.3472 -1.1903 13.5382]]\n",
      "\n",
      "\n",
      "0.38145481250298896\n",
      "[[16.4469  0.1851 -0.3427]\n",
      " [ 0.1851 16.8762 -1.1922]\n",
      " [-0.3427 -1.1922 13.4971]]\n",
      "\n",
      "\n",
      "0.3371245332939682\n",
      "[[16.322   0.1787 -0.3426]\n",
      " [ 0.1787 16.8833 -1.1861]\n",
      " [-0.3426 -1.1861 13.5507]]\n",
      "\n",
      "\n",
      "0.3787646174927673\n",
      "[[16.2477  0.1787 -0.3356]\n",
      " [ 0.1787 16.9226 -1.176 ]\n",
      " [-0.3356 -1.176  13.4748]]\n",
      "\n",
      "\n",
      "0.37651210956976444\n",
      "[[16.2935  0.1921 -0.3357]\n",
      " [ 0.1921 16.9013 -1.1821]\n",
      " [-0.3357 -1.1821 13.4886]]\n",
      "\n",
      "\n",
      "0.37389018949930436\n",
      "[[16.1905  0.1863 -0.338 ]\n",
      " [ 0.1863 16.9629 -1.1776]\n",
      " [-0.338  -1.1776 13.47  ]]\n",
      "\n",
      "\n",
      "0.38138970009345396\n",
      "[[16.175   0.186  -0.3325]\n",
      " [ 0.186  16.9014 -1.1693]\n",
      " [-0.3325 -1.1693 13.5523]]\n",
      "\n",
      "\n",
      "0.36891093565380223\n",
      "[[16.1881  0.1832 -0.3453]\n",
      " [ 0.1832 16.8388 -1.1726]\n",
      " [-0.3453 -1.1726 13.4976]]\n",
      "\n",
      "\n",
      "0.36279329515319947\n",
      "[[16.2489  0.1909 -0.3467]\n",
      " [ 0.1909 16.8211 -1.1699]\n",
      " [-0.3467 -1.1699 13.5182]]\n",
      "\n",
      "\n",
      "0.3833010923698475\n",
      "[[16.2197  0.1957 -0.3475]\n",
      " [ 0.1957 16.8279 -1.1705]\n",
      " [-0.3475 -1.1705 13.5179]]\n",
      "\n",
      "\n",
      "0.3684049804894845\n",
      "[[16.2329  0.1816 -0.3351]\n",
      " [ 0.1816 16.9251 -1.168 ]\n",
      " [-0.3351 -1.168  13.6064]]\n",
      "\n",
      "\n",
      "0.37874253885422043\n",
      "[[16.1971  0.1936 -0.3267]\n",
      " [ 0.1936 16.9223 -1.1592]\n",
      " [-0.3267 -1.1592 13.4986]]\n",
      "\n",
      "\n",
      "0.39374069493286085\n",
      "[[16.2681  0.1775 -0.34  ]\n",
      " [ 0.1775 16.927  -1.1636]\n",
      " [-0.34   -1.1636 13.4309]]\n",
      "\n",
      "\n",
      "0.35264865135353507\n",
      "[[16.247   0.1782 -0.3499]\n",
      " [ 0.1782 16.8807 -1.1672]\n",
      " [-0.3499 -1.1672 13.5395]]\n",
      "\n",
      "\n",
      "0.4066387536288372\n",
      "[[16.2468  0.1735 -0.3455]\n",
      " [ 0.1735 16.88   -1.158 ]\n",
      " [-0.3455 -1.158  13.5292]]\n",
      "\n",
      "\n",
      "0.3867040801808423\n",
      "[[16.217   0.188  -0.3459]\n",
      " [ 0.188  16.9151 -1.1601]\n",
      " [-0.3459 -1.1601 13.5222]]\n",
      "\n",
      "\n",
      "0.3619165346465138\n",
      "[[16.1471  0.1897 -0.3468]\n",
      " [ 0.1897 16.9182 -1.1708]\n",
      " [-0.3468 -1.1708 13.485 ]]\n",
      "\n",
      "\n",
      "0.3818748387224228\n",
      "[[16.0618  0.1787 -0.3581]\n",
      " [ 0.1787 16.9246 -1.1821]\n",
      " [-0.3581 -1.1821 13.4956]]\n",
      "\n",
      "\n",
      "0.36726529314437606\n",
      "[[16.1798  0.1673 -0.3392]\n",
      " [ 0.1673 16.9291 -1.1817]\n",
      " [-0.3392 -1.1817 13.4561]]\n",
      "\n",
      "\n",
      "0.3951142799663679\n",
      "[[16.339   0.1658 -0.3374]\n",
      " [ 0.1658 16.8409 -1.1893]\n",
      " [-0.3374 -1.1893 13.4643]]\n",
      "\n",
      "\n",
      "0.36532494380796415\n",
      "[[16.3022  0.1589 -0.3386]\n",
      " [ 0.1589 16.8614 -1.1825]\n",
      " [-0.3386 -1.1825 13.3528]]\n",
      "\n",
      "\n",
      "0.39140752669085577\n",
      "[[16.37    0.1757 -0.34  ]\n",
      " [ 0.1757 16.8722 -1.1822]\n",
      " [-0.34   -1.1822 13.4365]]\n",
      "\n",
      "\n",
      "0.37043774054611794\n",
      "[[16.2888  0.1773 -0.3425]\n",
      " [ 0.1773 16.8829 -1.165 ]\n",
      " [-0.3425 -1.165  13.4781]]\n",
      "\n",
      "\n",
      "0.36548890050573085\n",
      "[[16.2671  0.1638 -0.3477]\n",
      " [ 0.1638 16.9757 -1.1698]\n",
      " [-0.3477 -1.1698 13.4905]]\n",
      "\n",
      "\n",
      "0.3714633251684319\n",
      "[[16.161   0.1526 -0.3567]\n",
      " [ 0.1526 16.9019 -1.1675]\n",
      " [-0.3567 -1.1675 13.422 ]]\n",
      "\n",
      "\n",
      "0.36895656793731674\n",
      "[[16.2053  0.1449 -0.3447]\n",
      " [ 0.1449 16.9468 -1.1911]\n",
      " [-0.3447 -1.1911 13.385 ]]\n",
      "\n",
      "\n",
      "0.3581124977788199\n",
      "[[16.2029  0.1393 -0.3364]\n",
      " [ 0.1393 16.8203 -1.1723]\n",
      " [-0.3364 -1.1723 13.3313]]\n",
      "\n",
      "\n",
      "0.3628206835800026\n",
      "[[16.2921  0.1461 -0.3262]\n",
      " [ 0.1461 16.6333 -1.17  ]\n",
      " [-0.3262 -1.17   13.4159]]\n",
      "\n",
      "\n",
      "0.3464345336207767\n",
      "[[16.2454  0.1379 -0.3321]\n",
      " [ 0.1379 16.7121 -1.181 ]\n",
      " [-0.3321 -1.181  13.4726]]\n",
      "\n",
      "\n",
      "0.37255157687814844\n",
      "[[16.2367  0.1434 -0.3187]\n",
      " [ 0.1434 16.7985 -1.1841]\n",
      " [-0.3187 -1.1841 13.4042]]\n",
      "\n",
      "\n",
      "0.3658126444038386\n",
      "[[16.2595  0.1401 -0.3194]\n",
      " [ 0.1401 16.8246 -1.1856]\n",
      " [-0.3194 -1.1856 13.3312]]\n",
      "\n",
      "\n",
      "0.3457032884625317\n",
      "[[16.1859  0.1399 -0.3341]\n",
      " [ 0.1399 16.7638 -1.1848]\n",
      " [-0.3341 -1.1848 13.2656]]\n",
      "\n",
      "\n",
      "0.34553081139374264\n",
      "[[16.2274  0.1302 -0.3427]\n",
      " [ 0.1302 16.7322 -1.1731]\n",
      " [-0.3427 -1.1731 13.2204]]\n",
      "\n",
      "\n",
      "0.3430531350053944\n",
      "[[16.2691  0.1352 -0.3431]\n",
      " [ 0.1352 16.7131 -1.1842]\n",
      " [-0.3431 -1.1842 13.2932]]\n",
      "\n",
      "\n",
      "0.3489236978336671\n",
      "[[16.2981  0.1347 -0.3401]\n",
      " [ 0.1347 16.6328 -1.1693]\n",
      " [-0.3401 -1.1693 13.3058]]\n",
      "\n",
      "\n",
      "0.3306145345781872\n",
      "[[16.2372  0.1308 -0.3361]\n",
      " [ 0.1308 16.6934 -1.1697]\n",
      " [-0.3361 -1.1697 13.3515]]\n",
      "\n",
      "\n",
      "0.3777163230309564\n",
      "[[16.1483  0.135  -0.3255]\n",
      " [ 0.135  16.5871 -1.1688]\n",
      " [-0.3255 -1.1688 13.4259]]\n",
      "\n",
      "\n",
      "0.34989011902905137\n",
      "[[16.19    0.1326 -0.3338]\n",
      " [ 0.1326 16.6702 -1.1709]\n",
      " [-0.3338 -1.1709 13.4509]]\n",
      "\n",
      "\n",
      "0.38505151880854654\n",
      "[[16.2724  0.1355 -0.3411]\n",
      " [ 0.1355 16.6725 -1.1723]\n",
      " [-0.3411 -1.1723 13.4745]]\n",
      "\n",
      "\n",
      "0.3529966642902037\n",
      "[[16.2458  0.1413 -0.3378]\n",
      " [ 0.1413 16.9005 -1.1741]\n",
      " [-0.3378 -1.1741 13.5018]]\n",
      "\n",
      "\n",
      "0.36992901956383195\n",
      "[[16.2264  0.148  -0.3492]\n",
      " [ 0.148  16.7952 -1.1838]\n",
      " [-0.3492 -1.1838 13.5224]]\n",
      "\n",
      "\n",
      "0.36495430682172375\n",
      "[[16.1346  0.1444 -0.3461]\n",
      " [ 0.1444 16.7879 -1.183 ]\n",
      " [-0.3461 -1.183  13.5382]]\n",
      "\n",
      "\n",
      "0.3846275297591221\n",
      "[[16.1916  0.1444 -0.3488]\n",
      " [ 0.1444 16.8331 -1.1702]\n",
      " [-0.3488 -1.1702 13.413 ]]\n",
      "\n",
      "\n",
      "0.36798317938849234\n",
      "[[16.2157  0.1509 -0.3488]\n",
      " [ 0.1509 16.8184 -1.1812]\n",
      " [-0.3488 -1.1812 13.3208]]\n",
      "\n",
      "\n",
      "0.3716030824876055\n",
      "[[16.2132  0.1503 -0.3525]\n",
      " [ 0.1503 16.8435 -1.1935]\n",
      " [-0.3525 -1.1935 13.3273]]\n",
      "\n",
      "\n",
      "0.3994853816475387\n",
      "[[16.2149  0.1438 -0.3504]\n",
      " [ 0.1438 16.7392 -1.1903]\n",
      " [-0.3504 -1.1903 13.2903]]\n",
      "\n",
      "\n",
      "0.34665660982331764\n",
      "[[16.299   0.1341 -0.3449]\n",
      " [ 0.1341 16.6922 -1.1949]\n",
      " [-0.3449 -1.1949 13.2716]]\n",
      "\n",
      "\n",
      "0.3738605157005874\n",
      "[[16.2424  0.1395 -0.3405]\n",
      " [ 0.1395 16.7676 -1.1817]\n",
      " [-0.3405 -1.1817 13.2572]]\n",
      "\n",
      "\n",
      "0.3645370145930071\n",
      "[[16.1515  0.1419 -0.3413]\n",
      " [ 0.1419 16.7885 -1.1865]\n",
      " [-0.3413 -1.1865 13.2781]]\n",
      "\n",
      "\n",
      "0.3751376289420285\n",
      "[[16.2831  0.1391 -0.3486]\n",
      " [ 0.1391 16.883  -1.1921]\n",
      " [-0.3486 -1.1921 13.2939]]\n",
      "\n",
      "\n",
      "0.3665780320366918\n",
      "[[16.339   0.1299 -0.3362]\n",
      " [ 0.1299 16.8949 -1.1851]\n",
      " [-0.3362 -1.1851 13.2529]]\n",
      "\n",
      "\n",
      "0.34346757661820876\n",
      "[[16.299   0.133  -0.3414]\n",
      " [ 0.133  16.8368 -1.1879]\n",
      " [-0.3414 -1.1879 13.3444]]\n",
      "\n",
      "\n",
      "0.38836163673769825\n",
      "[[16.4535  0.1387 -0.3465]\n",
      " [ 0.1387 16.8188 -1.1821]\n",
      " [-0.3465 -1.1821 13.3487]]\n",
      "\n",
      "\n",
      "0.3728708822702402\n",
      "[[16.4188  0.1425 -0.3393]\n",
      " [ 0.1425 16.6983 -1.1784]\n",
      " [-0.3393 -1.1784 13.3176]]\n",
      "\n",
      "\n",
      "0.3715722330894131\n",
      "[[16.4031  0.1566 -0.3388]\n",
      " [ 0.1566 16.6475 -1.175 ]\n",
      " [-0.3388 -1.175  13.4143]]\n",
      "\n",
      "\n",
      "0.35205652569073137\n",
      "[[16.3827  0.1545 -0.3452]\n",
      " [ 0.1545 16.725  -1.203 ]\n",
      " [-0.3452 -1.203  13.4648]]\n",
      "\n",
      "\n",
      "0.3501687835800566\n",
      "[[16.3955  0.158  -0.3552]\n",
      " [ 0.158  16.7186 -1.1883]\n",
      " [-0.3552 -1.1883 13.3958]]\n",
      "\n",
      "\n",
      "0.3718505365231184\n",
      "[[16.2763  0.158  -0.3436]\n",
      " [ 0.158  16.6953 -1.1896]\n",
      " [-0.3436 -1.1896 13.3222]]\n",
      "\n",
      "\n",
      "0.3540383376008957\n",
      "[[16.271   0.1586 -0.3582]\n",
      " [ 0.1586 16.5968 -1.1906]\n",
      " [-0.3582 -1.1906 13.4004]]\n",
      "\n",
      "\n",
      "0.3568416361437805\n",
      "[[16.1681  0.1605 -0.3628]\n",
      " [ 0.1605 16.7008 -1.1847]\n",
      " [-0.3628 -1.1847 13.3467]]\n",
      "\n",
      "\n",
      "0.3542240146215788\n",
      "[[16.2068  0.1601 -0.3668]\n",
      " [ 0.1601 16.7256 -1.1922]\n",
      " [-0.3668 -1.1922 13.2997]]\n",
      "\n",
      "\n",
      "0.34623710440664035\n",
      "[[16.2662  0.1564 -0.3609]\n",
      " [ 0.1564 16.6136 -1.1742]\n",
      " [-0.3609 -1.1742 13.3419]]\n",
      "\n",
      "\n",
      "0.3819702306043781\n",
      "[[16.1452  0.1502 -0.3575]\n",
      " [ 0.1502 16.8012 -1.166 ]\n",
      " [-0.3575 -1.166  13.2836]]\n",
      "\n",
      "\n",
      "0.3561457666147559\n",
      "[[16.0743  0.1393 -0.3592]\n",
      " [ 0.1393 16.7286 -1.1683]\n",
      " [-0.3592 -1.1683 13.3536]]\n",
      "\n",
      "\n",
      "0.3796394645765843\n",
      "[[16.0821  0.1435 -0.3591]\n",
      " [ 0.1435 16.7559 -1.1805]\n",
      " [-0.3591 -1.1805 13.3113]]\n",
      "\n",
      "\n",
      "0.36294514821607177\n",
      "[[16.1425  0.1387 -0.3598]\n",
      " [ 0.1387 16.8389 -1.1877]\n",
      " [-0.3598 -1.1877 13.3075]]\n",
      "\n",
      "\n"
     ]
    },
    {
     "name": "stdout",
     "output_type": "stream",
     "text": [
      "0.3450516133440123\n",
      "[[16.1349  0.1384 -0.3621]\n",
      " [ 0.1384 16.8495 -1.1726]\n",
      " [-0.3621 -1.1726 13.3715]]\n",
      "\n",
      "\n",
      "0.37539255067046373\n",
      "[[16.2089  0.1377 -0.362 ]\n",
      " [ 0.1377 16.836  -1.1722]\n",
      " [-0.362  -1.1722 13.3952]]\n",
      "\n",
      "\n",
      "0.38041748538261905\n",
      "[[16.2428  0.1313 -0.3655]\n",
      " [ 0.1313 16.7416 -1.1597]\n",
      " [-0.3655 -1.1597 13.4337]]\n",
      "\n",
      "\n",
      "0.380391206435923\n",
      "[[16.1581  0.1373 -0.3599]\n",
      " [ 0.1373 16.7609 -1.1556]\n",
      " [-0.3599 -1.1556 13.4339]]\n",
      "\n",
      "\n",
      "0.3497595103814913\n",
      "[[16.1222  0.1358 -0.3566]\n",
      " [ 0.1358 16.821  -1.1606]\n",
      " [-0.3566 -1.1606 13.4332]]\n",
      "\n",
      "\n",
      "0.37418409492193505\n",
      "[[16.2806  0.1489 -0.3483]\n",
      " [ 0.1489 16.8326 -1.1649]\n",
      " [-0.3483 -1.1649 13.4924]]\n",
      "\n",
      "\n",
      "0.35352163477018617\n",
      "[[16.2521  0.1394 -0.3541]\n",
      " [ 0.1394 16.8346 -1.1548]\n",
      " [-0.3541 -1.1548 13.4552]]\n",
      "\n",
      "\n",
      "0.37411480910383604\n",
      "[[16.2442  0.1428 -0.3558]\n",
      " [ 0.1428 16.7957 -1.146 ]\n",
      " [-0.3558 -1.146  13.5243]]\n",
      "\n",
      "\n",
      "0.35730081021946974\n",
      "[[16.1717  0.155  -0.3452]\n",
      " [ 0.155  16.7199 -1.1513]\n",
      " [-0.3452 -1.1513 13.4909]]\n",
      "\n",
      "\n",
      "0.34101149639285744\n",
      "[[16.094   0.165  -0.3451]\n",
      " [ 0.165  16.6989 -1.1493]\n",
      " [-0.3451 -1.1493 13.4432]]\n",
      "\n",
      "\n",
      "0.379066835508788\n",
      "[[16.1048  0.1695 -0.3439]\n",
      " [ 0.1695 16.7338 -1.1553]\n",
      " [-0.3439 -1.1553 13.3964]]\n",
      "\n",
      "\n",
      "0.3959844476754997\n",
      "[[16.1157  0.1677 -0.3424]\n",
      " [ 0.1677 16.7449 -1.1622]\n",
      " [-0.3424 -1.1622 13.3429]]\n",
      "\n",
      "\n",
      "0.33997952180927987\n",
      "[[16.1543  0.1786 -0.3338]\n",
      " [ 0.1786 16.835  -1.1674]\n",
      " [-0.3338 -1.1674 13.3177]]\n",
      "\n",
      "\n",
      "0.3436233966966268\n",
      "[[16.204   0.1781 -0.3542]\n",
      " [ 0.1781 16.7873 -1.1717]\n",
      " [-0.3542 -1.1717 13.3217]]\n",
      "\n",
      "\n",
      "0.34131678265491944\n",
      "[[16.1555  0.1696 -0.361 ]\n",
      " [ 0.1696 16.872  -1.1672]\n",
      " [-0.361  -1.1672 13.3098]]\n",
      "\n",
      "\n",
      "0.36791541889369156\n",
      "[[16.2628  0.1668 -0.3654]\n",
      " [ 0.1668 16.9046 -1.1523]\n",
      " [-0.3654 -1.1523 13.3145]]\n",
      "\n",
      "\n",
      "0.337191333212382\n",
      "[[16.2654  0.1616 -0.3588]\n",
      " [ 0.1616 16.816  -1.1564]\n",
      " [-0.3588 -1.1564 13.3916]]\n",
      "\n",
      "\n",
      "0.38852518583483864\n",
      "[[16.146   0.1739 -0.3643]\n",
      " [ 0.1739 16.6974 -1.1562]\n",
      " [-0.3643 -1.1562 13.3629]]\n",
      "\n",
      "\n",
      "0.3812886592489764\n",
      "[[16.0896  0.1739 -0.3564]\n",
      " [ 0.1739 16.693  -1.1641]\n",
      " [-0.3564 -1.1641 13.4026]]\n",
      "\n",
      "\n",
      "0.3669591221707547\n",
      "[[16.0838  0.1774 -0.3646]\n",
      " [ 0.1774 16.6796 -1.1702]\n",
      " [-0.3646 -1.1702 13.4236]]\n",
      "\n",
      "\n",
      "0.35754419001290544\n",
      "[[16.1063  0.1702 -0.374 ]\n",
      " [ 0.1702 16.7315 -1.1724]\n",
      " [-0.374  -1.1724 13.4112]]\n",
      "\n",
      "\n",
      "0.3503113422392399\n",
      "[[16.1426  0.1685 -0.3738]\n",
      " [ 0.1685 16.7104 -1.1614]\n",
      " [-0.3738 -1.1614 13.4069]]\n",
      "\n",
      "\n",
      "0.35259832639056066\n",
      "[[16.094   0.1672 -0.3819]\n",
      " [ 0.1672 16.7646 -1.1697]\n",
      " [-0.3819 -1.1697 13.3974]]\n",
      "\n",
      "\n",
      "0.3836132630409886\n",
      "[[16.1446  0.1694 -0.3765]\n",
      " [ 0.1694 16.6896 -1.1785]\n",
      " [-0.3765 -1.1785 13.3971]]\n",
      "\n",
      "\n",
      "0.3578350191040336\n",
      "[[16.2323  0.1633 -0.3786]\n",
      " [ 0.1633 16.6699 -1.1715]\n",
      " [-0.3786 -1.1715 13.3042]]\n",
      "\n",
      "\n",
      "0.3519849849189161\n",
      "[[16.0726  0.1621 -0.3755]\n",
      " [ 0.1621 16.6135 -1.1691]\n",
      " [-0.3755 -1.1691 13.3697]]\n",
      "\n",
      "\n",
      "0.353698029254296\n",
      "[[16.0004  0.1677 -0.3713]\n",
      " [ 0.1677 16.7485 -1.1765]\n",
      " [-0.3713 -1.1765 13.3917]]\n",
      "\n",
      "\n",
      "0.3777212154042838\n",
      "[[16.0796  0.171  -0.3657]\n",
      " [ 0.171  16.7329 -1.1733]\n",
      " [-0.3657 -1.1733 13.443 ]]\n",
      "\n",
      "\n",
      "0.35042183216819517\n",
      "[[16.079   0.1724 -0.3636]\n",
      " [ 0.1724 16.6948 -1.18  ]\n",
      " [-0.3636 -1.18   13.4198]]\n",
      "\n",
      "\n",
      "0.3532082450953485\n",
      "[[16.1089  0.167  -0.357 ]\n",
      " [ 0.167  16.7307 -1.1821]\n",
      " [-0.357  -1.1821 13.4014]]\n",
      "\n",
      "\n",
      "0.3423355445199538\n",
      "[[16.1757  0.1505 -0.3664]\n",
      " [ 0.1505 16.7991 -1.1858]\n",
      " [-0.3664 -1.1858 13.4119]]\n",
      "\n",
      "\n",
      "0.37814657205048974\n",
      "[[16.2253  0.1507 -0.3556]\n",
      " [ 0.1507 16.7306 -1.1699]\n",
      " [-0.3556 -1.1699 13.4112]]\n",
      "\n",
      "\n",
      "0.36759957914119756\n",
      "[[16.1599  0.1531 -0.3484]\n",
      " [ 0.1531 16.7961 -1.1752]\n",
      " [-0.3484 -1.1752 13.3866]]\n",
      "\n",
      "\n",
      "0.33206623691366144\n",
      "[[16.1502  0.1573 -0.3423]\n",
      " [ 0.1573 16.7202 -1.1782]\n",
      " [-0.3423 -1.1782 13.4983]]\n",
      "\n",
      "\n",
      "0.34402012168310364\n",
      "[[16.2511  0.1637 -0.3511]\n",
      " [ 0.1637 16.6604 -1.1689]\n",
      " [-0.3511 -1.1689 13.4057]]\n",
      "\n",
      "\n",
      "0.3877337825332367\n",
      "[[16.2022  0.1679 -0.3576]\n",
      " [ 0.1679 16.7653 -1.1703]\n",
      " [-0.3576 -1.1703 13.348 ]]\n",
      "\n",
      "\n",
      "0.3507933572331432\n",
      "[[16.0948  0.1699 -0.3729]\n",
      " [ 0.1699 16.7226 -1.1726]\n",
      " [-0.3729 -1.1726 13.3692]]\n",
      "\n",
      "\n",
      "0.3482921756670588\n",
      "[[16.1157  0.1692 -0.3794]\n",
      " [ 0.1692 16.7304 -1.1718]\n",
      " [-0.3794 -1.1718 13.3896]]\n",
      "\n",
      "\n",
      "0.3548517065786614\n",
      "[[16.0844  0.1651 -0.3697]\n",
      " [ 0.1651 16.7697 -1.1864]\n",
      " [-0.3697 -1.1864 13.3581]]\n",
      "\n",
      "\n",
      "0.3375819955236556\n",
      "[[16.0843  0.167  -0.376 ]\n",
      " [ 0.167  16.8129 -1.1745]\n",
      " [-0.376  -1.1745 13.3811]]\n",
      "\n",
      "\n",
      "0.37268550201701695\n",
      "[[16.124   0.1629 -0.3663]\n",
      " [ 0.1629 16.7435 -1.1804]\n",
      " [-0.3663 -1.1804 13.3278]]\n",
      "\n",
      "\n",
      "0.34441936008758167\n",
      "[[16.0561  0.1672 -0.3655]\n",
      " [ 0.1672 16.7704 -1.1802]\n",
      " [-0.3655 -1.1802 13.425 ]]\n",
      "\n",
      "\n",
      "0.3592567734228168\n",
      "[[15.9577  0.1701 -0.3725]\n",
      " [ 0.1701 16.7214 -1.1761]\n",
      " [-0.3725 -1.1761 13.3743]]\n",
      "\n",
      "\n",
      "0.37864841320847087\n",
      "[[16.0739  0.1709 -0.3645]\n",
      " [ 0.1709 16.784  -1.1796]\n",
      " [-0.3645 -1.1796 13.3785]]\n",
      "\n",
      "\n",
      "0.3414722618781905\n",
      "[[16.1437  0.1812 -0.3619]\n",
      " [ 0.1812 16.7484 -1.1743]\n",
      " [-0.3619 -1.1743 13.3545]]\n",
      "\n",
      "\n",
      "0.3533356546904314\n",
      "[[16.1999  0.1839 -0.3771]\n",
      " [ 0.1839 16.7426 -1.1701]\n",
      " [-0.3771 -1.1701 13.3741]]\n",
      "\n",
      "\n",
      "0.378739478070078\n",
      "[[16.2488  0.1836 -0.3709]\n",
      " [ 0.1836 16.7369 -1.1713]\n",
      " [-0.3709 -1.1713 13.3162]]\n",
      "\n",
      "\n",
      "0.36002290605218545\n",
      "[[16.2217  0.1791 -0.3657]\n",
      " [ 0.1791 16.7354 -1.1516]\n",
      " [-0.3657 -1.1516 13.315 ]]\n",
      "\n",
      "\n",
      "0.3621334284097419\n",
      "[[16.1307  0.1671 -0.3544]\n",
      " [ 0.1671 16.7761 -1.1519]\n",
      " [-0.3544 -1.1519 13.3261]]\n",
      "\n",
      "\n",
      "0.3515891403707486\n",
      "[[16.173   0.1674 -0.3351]\n",
      " [ 0.1674 16.727  -1.1495]\n",
      " [-0.3351 -1.1495 13.3547]]\n",
      "\n",
      "\n",
      "0.3394655049968924\n",
      "[[16.1821  0.1791 -0.3458]\n",
      " [ 0.1791 16.6932 -1.147 ]\n",
      " [-0.3458 -1.147  13.286 ]]\n",
      "\n",
      "\n",
      "0.36063741553705275\n",
      "[[16.0314  0.1663 -0.3364]\n",
      " [ 0.1663 16.8041 -1.1544]\n",
      " [-0.3364 -1.1544 13.3306]]\n",
      "\n",
      "\n",
      "0.33228894543623055\n",
      "[[16.0386  0.1639 -0.3297]\n",
      " [ 0.1639 16.7119 -1.1649]\n",
      " [-0.3297 -1.1649 13.3493]]\n",
      "\n",
      "\n",
      "0.37882173339663205\n",
      "[[16.1411  0.1663 -0.3351]\n",
      " [ 0.1663 16.7939 -1.1777]\n",
      " [-0.3351 -1.1777 13.3515]]\n",
      "\n",
      "\n",
      "0.3748209256605198\n",
      "[[16.0357  0.1622 -0.3468]\n",
      " [ 0.1622 16.7265 -1.1776]\n",
      " [-0.3468 -1.1776 13.3329]]\n",
      "\n",
      "\n",
      "0.3541585333892333\n",
      "[[16.0555  0.1659 -0.344 ]\n",
      " [ 0.1659 16.7343 -1.1755]\n",
      " [-0.344  -1.1755 13.2711]]\n",
      "\n",
      "\n",
      "0.35407695429221\n",
      "[[16.0431  0.1592 -0.3437]\n",
      " [ 0.1592 16.7083 -1.1713]\n",
      " [-0.3437 -1.1713 13.2995]]\n",
      "\n",
      "\n",
      "0.3738683023186305\n",
      "[[15.9856  0.1672 -0.3564]\n",
      " [ 0.1672 16.6725 -1.1773]\n",
      " [-0.3564 -1.1773 13.3747]]\n",
      "\n",
      "\n",
      "0.36075980127275253\n",
      "[[16.0064  0.1488 -0.3577]\n",
      " [ 0.1488 16.6964 -1.1731]\n",
      " [-0.3577 -1.1731 13.2861]]\n",
      "\n",
      "\n",
      "0.3628845289000522\n",
      "[[16.052   0.1473 -0.3645]\n",
      " [ 0.1473 16.6666 -1.1789]\n",
      " [-0.3645 -1.1789 13.2844]]\n",
      "\n",
      "\n",
      "0.36453343046563813\n",
      "[[16.1269  0.1614 -0.3649]\n",
      " [ 0.1614 16.5997 -1.185 ]\n",
      " [-0.3649 -1.185  13.2831]]\n",
      "\n",
      "\n",
      "0.36501019961708436\n",
      "[[16.0655  0.1638 -0.3568]\n",
      " [ 0.1638 16.6233 -1.1904]\n",
      " [-0.3568 -1.1904 13.2846]]\n",
      "\n",
      "\n",
      "0.3897963667344457\n",
      "[[16.0775  0.1741 -0.3581]\n",
      " [ 0.1741 16.6115 -1.1803]\n",
      " [-0.3581 -1.1803 13.3598]]\n",
      "\n",
      "\n",
      "0.37289124246553657\n",
      "[[16.1447  0.1613 -0.3486]\n",
      " [ 0.1613 16.5999 -1.1885]\n",
      " [-0.3486 -1.1885 13.3729]]\n",
      "\n",
      "\n",
      "0.36167198252055727\n",
      "[[16.0502  0.1729 -0.3385]\n",
      " [ 0.1729 16.6444 -1.1908]\n",
      " [-0.3385 -1.1908 13.3637]]\n",
      "\n",
      "\n",
      "0.35851908838390767\n",
      "[[16.0121  0.1656 -0.3237]\n",
      " [ 0.1656 16.6759 -1.1793]\n",
      " [-0.3237 -1.1793 13.3361]]\n",
      "\n",
      "\n",
      "0.3599704448498995\n",
      "[[15.9889  0.1695 -0.3303]\n",
      " [ 0.1695 16.6378 -1.1638]\n",
      " [-0.3303 -1.1638 13.3409]]\n",
      "\n",
      "\n",
      "0.3575569118515265\n",
      "[[16.0292  0.166  -0.3158]\n",
      " [ 0.166  16.6365 -1.1722]\n",
      " [-0.3158 -1.1722 13.3974]]\n",
      "\n",
      "\n",
      "0.3640208492319107\n",
      "[[15.9473  0.1593 -0.3138]\n",
      " [ 0.1593 16.7087 -1.1675]\n",
      " [-0.3138 -1.1675 13.4382]]\n",
      "\n",
      "\n",
      "0.34951077169697886\n",
      "[[16.0243  0.151  -0.3191]\n",
      " [ 0.151  16.6792 -1.1699]\n",
      " [-0.3191 -1.1699 13.4893]]\n",
      "\n",
      "\n",
      "0.34034773056623074\n",
      "[[16.0677  0.1421 -0.3264]\n",
      " [ 0.1421 16.7074 -1.1769]\n",
      " [-0.3264 -1.1769 13.3948]]\n",
      "\n",
      "\n",
      "0.4006670928479506\n",
      "[[16.1451  0.1409 -0.3206]\n",
      " [ 0.1409 16.6524 -1.1811]\n",
      " [-0.3206 -1.1811 13.3938]]\n",
      "\n",
      "\n",
      "0.32277930951509853\n",
      "[[16.1067  0.1527 -0.3203]\n",
      " [ 0.1527 16.6367 -1.1827]\n",
      " [-0.3203 -1.1827 13.3418]]\n",
      "\n",
      "\n",
      "0.3524842011864464\n",
      "[[16.0339  0.1555 -0.3254]\n",
      " [ 0.1555 16.6187 -1.1714]\n",
      " [-0.3254 -1.1714 13.2877]]\n",
      "\n",
      "\n",
      "0.3610118629631101\n",
      "[[16.0573  0.1492 -0.3307]\n",
      " [ 0.1492 16.5733 -1.1865]\n",
      " [-0.3307 -1.1865 13.3279]]\n",
      "\n",
      "\n",
      "0.38646221975932055\n",
      "[[16.0973  0.1446 -0.335 ]\n",
      " [ 0.1446 16.5815 -1.1816]\n",
      " [-0.335  -1.1816 13.3365]]\n",
      "\n",
      "\n",
      "0.3635948422873793\n",
      "[[16.0217  0.146  -0.3293]\n",
      " [ 0.146  16.5166 -1.1761]\n",
      " [-0.3293 -1.1761 13.3946]]\n",
      "\n",
      "\n",
      "0.3759910361010797\n",
      "[[15.9666  0.1465 -0.338 ]\n",
      " [ 0.1465 16.5515 -1.1851]\n",
      " [-0.338  -1.1851 13.3564]]\n",
      "\n",
      "\n",
      "0.36479639269832886\n",
      "[[15.9686  0.1672 -0.3266]\n",
      " [ 0.1672 16.6103 -1.1849]\n",
      " [-0.3266 -1.1849 13.3865]]\n",
      "\n",
      "\n",
      "0.37817611509679455\n",
      "[[15.9857  0.1756 -0.3236]\n",
      " [ 0.1756 16.5752 -1.1768]\n",
      " [-0.3236 -1.1768 13.3228]]\n",
      "\n",
      "\n"
     ]
    },
    {
     "name": "stdout",
     "output_type": "stream",
     "text": [
      "0.35053675531957496\n",
      "[[15.994   0.1892 -0.3306]\n",
      " [ 0.1892 16.509  -1.1834]\n",
      " [-0.3306 -1.1834 13.3259]]\n",
      "\n",
      "\n",
      "0.33059949402060007\n",
      "[[15.9897  0.196  -0.3286]\n",
      " [ 0.196  16.619  -1.177 ]\n",
      " [-0.3286 -1.177  13.3354]]\n",
      "\n",
      "\n",
      "0.3696755214638151\n",
      "[[15.9805  0.185  -0.335 ]\n",
      " [ 0.185  16.7178 -1.1825]\n",
      " [-0.335  -1.1825 13.3391]]\n",
      "\n",
      "\n",
      "0.36991571660953054\n",
      "[[16.0465  0.1899 -0.3368]\n",
      " [ 0.1899 16.5977 -1.1906]\n",
      " [-0.3368 -1.1906 13.3595]]\n",
      "\n",
      "\n",
      "0.35102171414947636\n",
      "[[16.0445  0.1878 -0.3237]\n",
      " [ 0.1878 16.614  -1.1886]\n",
      " [-0.3237 -1.1886 13.3253]]\n",
      "\n",
      "\n",
      "0.38182497417514366\n",
      "[[15.9691  0.1907 -0.3099]\n",
      " [ 0.1907 16.5212 -1.1896]\n",
      " [-0.3099 -1.1896 13.3625]]\n",
      "\n",
      "\n",
      "0.3501230581139931\n",
      "[[16.085   0.1911 -0.3259]\n",
      " [ 0.1911 16.5184 -1.1878]\n",
      " [-0.3259 -1.1878 13.2451]]\n",
      "\n",
      "\n",
      "0.37491131647311277\n",
      "[[16.1653  0.1878 -0.3418]\n",
      " [ 0.1878 16.5387 -1.1982]\n",
      " [-0.3418 -1.1982 13.2898]]\n",
      "\n",
      "\n",
      "0.37678218645675143\n",
      "[[16.1526  0.1931 -0.3421]\n",
      " [ 0.1931 16.6576 -1.2153]\n",
      " [-0.3421 -1.2153 13.228 ]]\n",
      "\n",
      "\n",
      "0.3715775635356407\n",
      "[[16.1069  0.199  -0.345 ]\n",
      " [ 0.199  16.647  -1.212 ]\n",
      " [-0.345  -1.212  13.1857]]\n",
      "\n",
      "\n",
      "0.32008498046845246\n",
      "[[16.1654  0.1956 -0.3439]\n",
      " [ 0.1956 16.6489 -1.2167]\n",
      " [-0.3439 -1.2167 13.2466]]\n",
      "\n",
      "\n",
      "0.3433243278421154\n",
      "[[16.1496  0.1963 -0.3479]\n",
      " [ 0.1963 16.602  -1.1997]\n",
      " [-0.3479 -1.1997 13.2055]]\n",
      "\n",
      "\n",
      "0.33242269122039836\n",
      "[[16.0714  0.1919 -0.3477]\n",
      " [ 0.1919 16.6803 -1.1973]\n",
      " [-0.3477 -1.1973 13.201 ]]\n",
      "\n",
      "\n",
      "0.354209944121969\n",
      "[[16.0685  0.1986 -0.3547]\n",
      " [ 0.1986 16.6216 -1.1957]\n",
      " [-0.3547 -1.1957 13.1966]]\n",
      "\n",
      "\n",
      "0.3831678245511264\n",
      "[[16.1282  0.2007 -0.3494]\n",
      " [ 0.2007 16.6106 -1.1919]\n",
      " [-0.3494 -1.1919 13.2234]]\n",
      "\n",
      "\n",
      "0.32776449151106524\n",
      "[[16.0813  0.2    -0.3535]\n",
      " [ 0.2    16.5955 -1.189 ]\n",
      " [-0.3535 -1.189  13.2356]]\n",
      "\n",
      "\n",
      "0.3448452022150916\n",
      "[[16.1112  0.197  -0.33  ]\n",
      " [ 0.197  16.5869 -1.1816]\n",
      " [-0.33   -1.1816 13.2092]]\n",
      "\n",
      "\n",
      "0.34633257191148975\n",
      "[[16.167   0.2047 -0.3376]\n",
      " [ 0.2047 16.556  -1.1772]\n",
      " [-0.3376 -1.1772 13.2561]]\n",
      "\n",
      "\n",
      "0.3529974498644705\n",
      "[[16.0938  0.2086 -0.3407]\n",
      " [ 0.2086 16.4937 -1.1772]\n",
      " [-0.3407 -1.1772 13.2934]]\n",
      "\n",
      "\n",
      "0.3435344385528675\n",
      "[[16.0227  0.2064 -0.3266]\n",
      " [ 0.2064 16.5287 -1.1653]\n",
      " [-0.3266 -1.1653 13.2771]]\n",
      "\n",
      "\n",
      "0.3572571196463106\n",
      "[[16.0512  0.2176 -0.323 ]\n",
      " [ 0.2176 16.5376 -1.158 ]\n",
      " [-0.323  -1.158  13.2389]]\n",
      "\n",
      "\n",
      "0.37421015105395455\n",
      "[[16.0173  0.2107 -0.3244]\n",
      " [ 0.2107 16.6293 -1.1605]\n",
      " [-0.3244 -1.1605 13.2891]]\n",
      "\n",
      "\n",
      "0.3658909773774438\n",
      "[[16.0887  0.2129 -0.313 ]\n",
      " [ 0.2129 16.5653 -1.1591]\n",
      " [-0.313  -1.1591 13.244 ]]\n",
      "\n",
      "\n",
      "0.34668309628841926\n",
      "[[16.0338  0.2199 -0.3153]\n",
      " [ 0.2199 16.5999 -1.171 ]\n",
      " [-0.3153 -1.171  13.1998]]\n",
      "\n",
      "\n",
      "0.36044197105414033\n",
      "[[16.0852  0.2199 -0.322 ]\n",
      " [ 0.2199 16.6134 -1.1719]\n",
      " [-0.322  -1.1719 13.2302]]\n",
      "\n",
      "\n",
      "0.3943310440120198\n",
      "[[16.0577  0.2288 -0.3107]\n",
      " [ 0.2288 16.6105 -1.176 ]\n",
      " [-0.3107 -1.176  13.2995]]\n",
      "\n",
      "\n",
      "0.37363322197656185\n",
      "[[16.0151  0.2229 -0.3151]\n",
      " [ 0.2229 16.5549 -1.1706]\n",
      " [-0.3151 -1.1706 13.2416]]\n",
      "\n",
      "\n",
      "0.34532220410318587\n",
      "[[16.1055  0.2147 -0.3181]\n",
      " [ 0.2147 16.4782 -1.1663]\n",
      " [-0.3181 -1.1663 13.1962]]\n",
      "\n",
      "\n",
      "0.34737987717343566\n",
      "[[16.1238  0.2232 -0.3056]\n",
      " [ 0.2232 16.498  -1.1662]\n",
      " [-0.3056 -1.1662 13.1469]]\n",
      "\n",
      "\n",
      "0.38116503535726914\n",
      "[[16.1123  0.2128 -0.3103]\n",
      " [ 0.2128 16.3975 -1.1574]\n",
      " [-0.3103 -1.1574 13.2318]]\n",
      "\n",
      "\n",
      "0.3411299633200651\n",
      "[[16.0267  0.201  -0.3134]\n",
