{
 "cells": [
  {
   "cell_type": "code",
   "execution_count": 1,
   "metadata": {},
   "outputs": [],
   "source": [
    "import tensorflow as tf\n",
    "from flows import NormalRW, DFlow, ResFlow, NVPFlow, phase, Normal, floatX, MVNormal, MVNormalRW, Linear, CFlow, LinearChol\n",
    "import numpy as np\n",
    "import pandas as pd\n",
    "from matplotlib import pyplot as plt\n",
    "import seaborn as sns\n",
    "from tensorflow.contrib.distributions import WishartCholesky\n",
    "\n",
    "np.random.seed(1234)"
   ]
  },
  {
   "cell_type": "code",
   "execution_count": 2,
   "metadata": {},
   "outputs": [],
   "source": [
    "data = pd.read_csv('./data/test_rus_data.csv').values.astype(floatX).T[np.newaxis][:,2:]/100"
   ]
  },
  {
   "cell_type": "code",
   "execution_count": 3,
   "metadata": {},
   "outputs": [
    {
     "name": "stdout",
     "output_type": "stream",
     "text": [
      "[0.21742282 0.16835931 0.01139835]\n"
     ]
    }
   ],
   "source": [
    "stds = (data[0,1:] - data[0,:-1]).std(axis=0)\n",
    "print(stds)\n",
    "data /= stds"
   ]
  },
  {
   "cell_type": "code",
   "execution_count": 4,
   "metadata": {},
   "outputs": [],
   "source": [
    "xs = data"
   ]
  },
  {
   "cell_type": "code",
   "execution_count": 5,
   "metadata": {},
   "outputs": [],
   "source": [
    "n = data.shape[1]\n",
    "s1 = 0.01\n",
    "s0 = 2.\n",
    "dim = [3,4]\n",
    "\n",
    "k = dim[0] * dim[1]\n",
    "# with tf.variable_scope('pwalk_inf', reuse=tf.AUTO_REUSE):\n",
    "#     lowerd = DFlow([Linear(dim=k*(k-1)//2 + k, name='lowerd_flow')])\n",
    "#     ldiag = DFlow([NVPFlow(dim=k, name='lowerd_flow_' + str(i)) for i in range(4)])\n",
    "# PWalk = MVNormalRW(dim[0]*dim[1], sigma=s1, sigma0=s0, name='param_walk_prior', \n",
    "#                    lowerd=lowerd.output[0], ldiag=ldiag.output[0]+np.log(1/s1))\n",
    "PWalk = MVNormalRW(dim[0]*dim[1], sigma=s1, sigma0=s0, name='param_walk_prior')"
   ]
  },
  {
   "cell_type": "code",
   "execution_count": 6,
   "metadata": {},
   "outputs": [],
   "source": [
    "def autoregr_tf(X, param):\n",
    "    d = param[:,:dim[-1]-1]\n",
    "    X = tf.matmul(X, d) + param[:,-1][np.newaxis]\n",
    "    return X"
   ]
  },
  {
   "cell_type": "code",
   "execution_count": 7,
   "metadata": {},
   "outputs": [],
   "source": [
    "def create_step_flow(name=None, prev_flow_output=None, init_sigma=1.):\n",
    "    with tf.variable_scope(name, reuse=False):\n",
    "        \n",
    "        if prev_flow_output is not None:\n",
    "            aux_vars = prev_flow_output\n",
    "        else:\n",
    "            aux_vars = None\n",
    "            \n",
    "        step_flow = DFlow([LinearChol(dim=dim[0]*dim[1], name='lc', aux_vars=aux_vars)], \n",
    "                          init_sigma=init_sigma)\n",
    "    return step_flow"
   ]
  },
  {
   "cell_type": "code",
   "execution_count": 8,
   "metadata": {},
   "outputs": [],
   "source": [
    "flows = [create_step_flow('step_flow0', init_sigma=s0)]\n",
    "outputs = [flows[-1].output]\n",
    "for i in range(n-1):\n",
    "    if i >= 1:\n",
    "        aux = tf.concat([outputs[-1], outputs[-2]], 1)\n",
    "    else:\n",
    "        aux = outputs[-1]\n",
    "    new = create_step_flow('step_flow' + str(i+1), aux, init_sigma=s1)\n",
    "    flows.append(new)\n",
    "    outputs.append(outputs[-1] + new.output)"
   ]
  },
  {
   "cell_type": "code",
   "execution_count": 9,
   "metadata": {},
   "outputs": [],
   "source": [
    "outputs = tf.concat(outputs, axis=0)[tf.newaxis]"
   ]
  },
  {
   "cell_type": "code",
   "execution_count": 10,
   "metadata": {},
   "outputs": [
    {
     "data": {
      "text/plain": [
       "<tf.Tensor 'strided_slice:0' shape=(1, 20, 12) dtype=float64>"
      ]
     },
     "execution_count": 10,
     "metadata": {},
     "output_type": "execute_result"
    }
   ],
   "source": [
    "outputs"
   ]
  },
  {
   "cell_type": "code",
   "execution_count": 11,
   "metadata": {},
   "outputs": [],
   "source": [
    "prior = PWalk.logdens(outputs)"
   ]
  },
  {
   "cell_type": "code",
   "execution_count": 12,
   "metadata": {},
   "outputs": [
    {
     "data": {
      "text/plain": [
       "<tf.Tensor 'param_walk_prior_2/logdens/add:0' shape=() dtype=float64>"
      ]
     },
     "execution_count": 12,
     "metadata": {},
     "output_type": "execute_result"
    }
   ],
   "source": [
    "prior"
   ]
  },
  {
   "cell_type": "code",
   "execution_count": 13,
   "metadata": {},
   "outputs": [],
   "source": [
    "def create_loglik2():\n",
    "    obs_d = Normal(dim=None, sigma=1., mu=0)\n",
    "    out = tf.reshape(outputs, [n, dim[0], dim[1]])\n",
    "    \n",
    "    def step1(current):\n",
    "        X = current[0][np.newaxis]\n",
    "        param = current[1]\n",
    "        d = param[:,:dim[-1]-1]\n",
    "        X = tf.matmul(X, d)[0] + param[:,-1]\n",
    "        return X\n",
    "    \n",
    "    ar = tf.map_fn(step1, (xs[0][:-1], out[:-1]), dtype=tf.float64)\n",
    "    return obs_d.logdens(ar - xs[0][1:])"
   ]
  },
  {
   "cell_type": "code",
   "execution_count": 14,
   "metadata": {},
   "outputs": [],
   "source": [
    "logl = create_loglik2()"
   ]
  },
  {
   "cell_type": "code",
   "execution_count": 15,
   "metadata": {},
   "outputs": [],
   "source": [
    "ent = tf.reduce_sum([flow.logdens for flow in flows])"
   ]
  },
  {
   "cell_type": "code",
   "execution_count": 16,
   "metadata": {},
   "outputs": [
    {
     "data": {
      "text/plain": [
       "<tf.Tensor 'Sum_1:0' shape=() dtype=float64>"
      ]
     },
     "execution_count": 16,
     "metadata": {},
     "output_type": "execute_result"
    }
   ],
   "source": [
    "ent"
   ]
  },
  {
   "cell_type": "code",
   "execution_count": 17,
   "metadata": {},
   "outputs": [],
   "source": [
    "# df = dim[0]*dim[1]*10\n",
    "# pmat = np.diag([(1/s1**2)]*(dim[0]*dim[1]))/df\n",
    "# cov_prior = WishartCholesky(df, pmat, cholesky_input_output_matrices=True)"
   ]
  },
  {
   "cell_type": "code",
   "execution_count": 18,
   "metadata": {},
   "outputs": [],
   "source": [
    "loss = -logl - prior + ent# - cov_prior.log_prob(PWalk.fsigma) + lowerd.logdens + ldiag.logdens\n",
    "loss /= n*dim[0]*dim[1]"
   ]
  },
  {
   "cell_type": "code",
   "execution_count": 19,
   "metadata": {},
   "outputs": [
    {
     "data": {
      "text/plain": [
       "<tf.Tensor 'loss:0' shape=() dtype=string>"
      ]
     },
     "execution_count": 19,
     "metadata": {},
     "output_type": "execute_result"
    }
   ],
   "source": [
    "tf.summary.scalar('loss', loss)"
   ]
  },
  {
   "cell_type": "code",
   "execution_count": 20,
   "metadata": {},
   "outputs": [],
   "source": [
    "opt = tf.train.AdamOptimizer(0.0001).minimize(loss)"
   ]
  },
  {
   "cell_type": "code",
   "execution_count": 21,
   "metadata": {},
   "outputs": [],
   "source": [
    "sess = tf.InteractiveSession()"
   ]
  },
  {
   "cell_type": "code",
   "execution_count": 22,
   "metadata": {},
   "outputs": [],
   "source": [
    "tf.global_variables_initializer().run()"
   ]
  },
  {
   "cell_type": "code",
   "execution_count": 23,
   "metadata": {},
   "outputs": [
    {
     "data": {
      "text/plain": [
       "(-9871.537179486038, 715.4718870405356, -8848.018787650923)"
      ]
     },
     "execution_count": 23,
     "metadata": {},
     "output_type": "execute_result"
    }
   ],
   "source": [
    "prior.eval(), ent.eval(), logl.eval()"
   ]
  },
  {
   "cell_type": "code",
   "execution_count": 24,
   "metadata": {},
   "outputs": [
    {
     "data": {
      "text/plain": [
       "69.64514998178318"
      ]
     },
     "execution_count": 24,
     "metadata": {},
     "output_type": "execute_result"
    }
   ],
   "source": [
    "loss.eval()"
   ]
  },
  {
   "cell_type": "code",
   "execution_count": 25,
   "metadata": {},
   "outputs": [],
   "source": [
    "np.set_printoptions(precision=4)"
   ]
  },
  {
   "cell_type": "code",
   "execution_count": 26,
   "metadata": {},
   "outputs": [
    {
     "data": {
      "text/plain": [
       "array([[ 1.0000e+04, -1.3187e+00,  3.0350e+00],\n",
       "       [-1.3187e+00,  1.0000e+04,  3.3149e+00],\n",
       "       [ 3.0350e+00,  3.3149e+00,  1.0000e+04]])"
      ]
     },
     "execution_count": 26,
     "metadata": {},
     "output_type": "execute_result"
    }
   ],
   "source": [
    "PWalk.inverse_sigma.eval()[:3,:3]"
   ]
  },
  {
   "cell_type": "code",
   "execution_count": 27,
   "metadata": {},
   "outputs": [],
   "source": [
    "# all_sum = tf.summary.merge_all()\n",
    "# writer = tf.summary.FileWriter('/tmp/tfdbg')"
   ]
  },
  {
   "cell_type": "code",
   "execution_count": 66,
   "metadata": {
    "scrolled": true
   },
   "outputs": [
    {
     "name": "stdout",
     "output_type": "stream",
     "text": [
      "0.30261169674887706\n",
      "[[ 1.0020e+03 -1.1755e+00  9.9821e-01]\n",
      " [-1.1755e+00  1.0752e+03 -7.2198e-01]\n",
      " [ 9.9821e-01 -7.2198e-01  9.4566e+02]]\n",
      "\n",
      "\n",
      "0.3011852654539737\n",
      "[[ 1.0029e+03 -1.2856e+00  1.0481e+00]\n",
      " [-1.2856e+00  1.0725e+03 -7.8793e-01]\n",
      " [ 1.0481e+00 -7.8793e-01  9.4303e+02]]\n",
      "\n",
      "\n",
      "0.29428934140764557\n",
      "[[ 9.9911e+02 -1.3160e+00  9.2073e-01]\n",
      " [-1.3160e+00  1.0759e+03 -8.1710e-01]\n",
      " [ 9.2073e-01 -8.1710e-01  9.4310e+02]]\n",
      "\n",
      "\n",
      "0.29127505592080233\n",
      "[[ 9.9978e+02 -1.2113e+00  8.4466e-01]\n",
      " [-1.2113e+00  1.0795e+03 -7.7106e-01]\n",
      " [ 8.4466e-01 -7.7106e-01  9.4186e+02]]\n",
      "\n",
      "\n",
      "0.2970175752380124\n",
      "[[ 9.9709e+02 -1.2200e+00  8.8779e-01]\n",
      " [-1.2200e+00  1.0752e+03 -7.9387e-01]\n",
      " [ 8.8779e-01 -7.9387e-01  9.4141e+02]]\n",
      "\n",
      "\n",
      "0.29105389182635527\n",
      "[[ 9.9817e+02 -1.1608e+00  9.2360e-01]\n",
      " [-1.1608e+00  1.0791e+03 -8.0057e-01]\n",
      " [ 9.2360e-01 -8.0057e-01  9.4597e+02]]\n",
      "\n",
      "\n",
      "0.2839125500130523\n",
      "[[ 9.9818e+02 -1.1592e+00  7.9534e-01]\n",
      " [-1.1592e+00  1.0769e+03 -8.7502e-01]\n",
      " [ 7.9534e-01 -8.7502e-01  9.4330e+02]]\n",
      "\n",
      "\n",
      "0.3027170043081514\n",
      "[[ 9.9806e+02 -1.0776e+00  7.9132e-01]\n",
      " [-1.0776e+00  1.0727e+03 -9.9713e-01]\n",
      " [ 7.9132e-01 -9.9713e-01  9.4420e+02]]\n",
      "\n",
      "\n",
      "0.2956994931502744\n",
      "[[ 9.9665e+02 -1.1163e+00  8.6955e-01]\n",
      " [-1.1163e+00  1.0746e+03 -9.7710e-01]\n",
      " [ 8.6955e-01 -9.7710e-01  9.4646e+02]]\n",
      "\n",
      "\n",
      "0.30946982598675776\n",
      "[[ 9.9935e+02 -1.0778e+00  9.4242e-01]\n",
      " [-1.0778e+00  1.0713e+03 -1.0123e+00]\n",
      " [ 9.4242e-01 -1.0123e+00  9.4237e+02]]\n",
      "\n",
      "\n",
      "0.30739626133869274\n",
      "[[ 9.9672e+02 -9.6007e-01  1.0002e+00]\n",
      " [-9.6007e-01  1.0683e+03 -9.8521e-01]\n",
      " [ 1.0002e+00 -9.8521e-01  9.4885e+02]]\n",
      "\n",
      "\n",
      "0.28492336441218813\n",
      "[[ 9.9661e+02 -8.8362e-01  1.0154e+00]\n",
      " [-8.8362e-01  1.0739e+03 -9.2681e-01]\n",
      " [ 1.0154e+00 -9.2681e-01  9.4844e+02]]\n",
      "\n",
      "\n",
      "0.2992744720463378\n",
      "[[ 9.9922e+02 -1.0234e+00  9.2977e-01]\n",
      " [-1.0234e+00  1.0788e+03 -9.7607e-01]\n",
      " [ 9.2977e-01 -9.7607e-01  9.4387e+02]]\n",
      "\n",
      "\n",
      "0.2942277148916356\n",
      "[[ 1.0096e+03 -9.2299e-01  8.0898e-01]\n",
      " [-9.2299e-01  1.0714e+03 -9.9328e-01]\n",
      " [ 8.0898e-01 -9.9328e-01  9.4892e+02]]\n",
      "\n",
      "\n",
      "0.2821045528249738\n",
      "[[ 1.0126e+03 -8.9278e-01  7.7783e-01]\n",
      " [-8.9278e-01  1.0664e+03 -9.8420e-01]\n",
      " [ 7.7783e-01 -9.8420e-01  9.4229e+02]]\n",
      "\n",
      "\n",
      "0.2913469540467979\n",
      "[[ 1.0076e+03 -8.7171e-01  7.0988e-01]\n",
      " [-8.7171e-01  1.0684e+03 -9.6646e-01]\n",
      " [ 7.0988e-01 -9.6646e-01  9.3867e+02]]\n",
      "\n",
      "\n",
      "0.29375513146961035\n",
      "[[ 1.0037e+03 -8.6642e-01  6.5790e-01]\n",
      " [-8.6642e-01  1.0684e+03 -9.0389e-01]\n",
      " [ 6.5790e-01 -9.0389e-01  9.3886e+02]]\n",
      "\n",
      "\n",
      "0.3020782607965385\n",
      "[[ 9.9964e+02 -8.2945e-01  6.8764e-01]\n",
      " [-8.2945e-01  1.0708e+03 -9.4248e-01]\n",
      " [ 6.8764e-01 -9.4248e-01  9.3606e+02]]\n",
      "\n",
      "\n",
      "0.2931801559071907\n",
      "[[ 9.9737e+02 -7.8106e-01  5.5347e-01]\n",
      " [-7.8106e-01  1.0711e+03 -9.4010e-01]\n",
      " [ 5.5347e-01 -9.4010e-01  9.3017e+02]]\n",
      "\n",
      "\n",
      "0.2893156151675754\n",
      "[[ 1.0012e+03 -7.3567e-01  5.0956e-01]\n",
      " [-7.3567e-01  1.0624e+03 -9.6972e-01]\n",
      " [ 5.0956e-01 -9.6972e-01  9.3166e+02]]\n",
      "\n",
      "\n",
      "0.2983336580962979\n",
      "[[ 1.0005e+03 -8.4042e-01  5.6664e-01]\n",
      " [-8.4042e-01  1.0712e+03 -9.3107e-01]\n",
      " [ 5.6664e-01 -9.3107e-01  9.2994e+02]]\n",
      "\n",
      "\n",
      "0.28412289728260587\n",
      "[[ 9.9727e+02 -8.1323e-01  6.3396e-01]\n",
      " [-8.1323e-01  1.0756e+03 -8.8064e-01]\n",
      " [ 6.3396e-01 -8.8064e-01  9.3079e+02]]\n",
      "\n",
      "\n",
      "0.27528095436406325\n",
      "[[ 1.0011e+03 -7.8645e-01  7.3525e-01]\n",
      " [-7.8645e-01  1.0816e+03 -8.8087e-01]\n",
      " [ 7.3525e-01 -8.8087e-01  9.3451e+02]]\n",
      "\n",
      "\n",
      "0.3010928522690378\n",
      "[[ 1.0053e+03 -8.2795e-01  7.2981e-01]\n",
      " [-8.2795e-01  1.0778e+03 -9.3265e-01]\n",
      " [ 7.2981e-01 -9.3265e-01  9.3044e+02]]\n",
      "\n",
      "\n",
      "0.291668312707782\n",
      "[[ 9.9950e+02 -7.8461e-01  7.0147e-01]\n",
      " [-7.8461e-01  1.0713e+03 -9.4517e-01]\n",
      " [ 7.0147e-01 -9.4517e-01  9.3339e+02]]\n",
      "\n",
      "\n",
      "0.29343305347714027\n",
      "[[ 1.0056e+03 -7.9501e-01  7.2817e-01]\n",
      " [-7.9501e-01  1.0675e+03 -8.8359e-01]\n",
      " [ 7.2817e-01 -8.8359e-01  9.3601e+02]]\n",
      "\n",
      "\n",
      "0.2965259281669683\n",
      "[[ 9.9689e+02 -7.2445e-01  6.5878e-01]\n",
      " [-7.2445e-01  1.0666e+03 -9.9803e-01]\n",
      " [ 6.5878e-01 -9.9803e-01  9.3672e+02]]\n",
      "\n",
      "\n",
      "0.29548941614288393\n",
      "[[ 9.9876e+02 -6.9840e-01  5.8651e-01]\n",
      " [-6.9840e-01  1.0749e+03 -9.2543e-01]\n",
      " [ 5.8651e-01 -9.2543e-01  9.3028e+02]]\n",
      "\n",
      "\n",
      "0.2952425347725177\n",
      "[[ 9.9946e+02 -6.7500e-01  6.5337e-01]\n",
      " [-6.7500e-01  1.0697e+03 -1.0457e+00]\n",
      " [ 6.5337e-01 -1.0457e+00  9.3382e+02]]\n",
      "\n",
      "\n",
      "0.2910749443964292\n",
      "[[ 1.0015e+03 -7.7144e-01  6.8895e-01]\n",
      " [-7.7144e-01  1.0675e+03 -9.9914e-01]\n",
      " [ 6.8895e-01 -9.9914e-01  9.3454e+02]]\n",
      "\n",
      "\n",
      "0.28267921746145297\n",
      "[[ 1.0058e+03 -7.8537e-01  6.1680e-01]\n",
      " [-7.8537e-01  1.0643e+03 -1.1082e+00]\n",
      " [ 6.1680e-01 -1.1082e+00  9.3402e+02]]\n",
      "\n",
      "\n",
      "0.28804512444934244\n",
      "[[ 1.0084e+03 -8.3694e-01  6.2564e-01]\n",
      " [-8.3694e-01  1.0658e+03 -1.0935e+00]\n",
      " [ 6.2564e-01 -1.0935e+00  9.3728e+02]]\n",
      "\n",
      "\n",
      "0.2914215921050314\n",
      "[[ 1.0088e+03 -7.6961e-01  6.3133e-01]\n",
      " [-7.6961e-01  1.0677e+03 -1.0979e+00]\n",
      " [ 6.3133e-01 -1.0979e+00  9.3898e+02]]\n",
      "\n",
      "\n",
      "0.2893207306953016\n",
      "[[ 1.0068e+03 -7.3613e-01  5.9370e-01]\n",
      " [-7.3613e-01  1.0616e+03 -1.1503e+00]\n",
      " [ 5.9370e-01 -1.1503e+00  9.3787e+02]]\n",
      "\n",
      "\n",
      "0.2975801916749641\n",
      "[[ 1.0027e+03 -6.9172e-01  6.2981e-01]\n",
      " [-6.9172e-01  1.0581e+03 -1.1136e+00]\n",
      " [ 6.2981e-01 -1.1136e+00  9.3661e+02]]\n",
      "\n",
      "\n",
      "0.28430850623745985\n",
      "[[ 1.0003e+03 -6.5307e-01  5.2906e-01]\n",
      " [-6.5307e-01  1.0630e+03 -1.0511e+00]\n",
      " [ 5.2906e-01 -1.0511e+00  9.2977e+02]]\n",
      "\n",
      "\n",
      "0.28829781805523236\n",
      "[[ 1.0040e+03 -7.2903e-01  4.7557e-01]\n",
      " [-7.2903e-01  1.0566e+03 -9.8734e-01]\n",
      " [ 4.7557e-01 -9.8734e-01  9.3292e+02]]\n",
      "\n",
      "\n",
      "0.3068421388002354\n",
      "[[ 1.0031e+03 -8.0981e-01  5.0649e-01]\n",
      " [-8.0981e-01  1.0628e+03 -1.0162e+00]\n",
      " [ 5.0649e-01 -1.0162e+00  9.3254e+02]]\n",
      "\n",
      "\n",
      "0.2875842338925899\n",
      "[[ 1.0027e+03 -8.5790e-01  5.1550e-01]\n",
      " [-8.5790e-01  1.0615e+03 -9.6978e-01]\n",
      " [ 5.1550e-01 -9.6978e-01  9.3316e+02]]\n",
      "\n",
      "\n",
      "0.305834229988623\n",
      "[[ 9.9377e+02 -8.5279e-01  5.5441e-01]\n",
      " [-8.5279e-01  1.0605e+03 -9.0193e-01]\n",
      " [ 5.5441e-01 -9.0193e-01  9.3730e+02]]\n",
      "\n",
      "\n",
      "0.28698741348387363\n",
      "[[ 9.9680e+02 -8.0507e-01  6.6185e-01]\n",
      " [-8.0507e-01  1.0626e+03 -9.3546e-01]\n",
      " [ 6.6185e-01 -9.3546e-01  9.3612e+02]]\n",
      "\n",
      "\n",
      "0.305001158906083\n",
      "[[ 9.9744e+02 -8.7794e-01  6.5178e-01]\n",
      " [-8.7794e-01  1.0636e+03 -9.0111e-01]\n",
      " [ 6.5178e-01 -9.0111e-01  9.3269e+02]]\n",
      "\n",
      "\n",
      "0.29829010161821473\n",
      "[[ 9.9682e+02 -8.7026e-01  5.4757e-01]\n",
      " [-8.7026e-01  1.0663e+03 -9.7645e-01]\n",
      " [ 5.4757e-01 -9.7645e-01  9.3138e+02]]\n",
      "\n",
      "\n",
      "0.30297162313926196\n",
      "[[ 9.9777e+02 -8.8600e-01  4.7725e-01]\n",
      " [-8.8600e-01  1.0700e+03 -9.4918e-01]\n",
      " [ 4.7725e-01 -9.4918e-01  9.3655e+02]]\n",
      "\n",
      "\n",
      "0.29082294071853243\n",
      "[[ 9.9575e+02 -8.0069e-01  4.1240e-01]\n",
      " [-8.0069e-01  1.0652e+03 -9.8679e-01]\n",
      " [ 4.1240e-01 -9.8679e-01  9.3341e+02]]\n",
      "\n",
      "\n",
      "0.2852895370853323\n",
      "[[ 9.9377e+02 -6.8775e-01  4.5321e-01]\n",
      " [-6.8775e-01  1.0701e+03 -9.4932e-01]\n",
      " [ 4.5321e-01 -9.4932e-01  9.4288e+02]]\n",
      "\n",
      "\n",
      "0.2962780857407514\n",
      "[[ 9.9868e+02 -6.9070e-01  4.2817e-01]\n",
      " [-6.9070e-01  1.0654e+03 -1.0342e+00]\n",
      " [ 4.2817e-01 -1.0342e+00  9.4176e+02]]\n",
      "\n",
      "\n",
      "0.29159854861227524\n",
      "[[ 1.0007e+03 -5.8368e-01  4.3110e-01]\n",
      " [-5.8368e-01  1.0558e+03 -1.0422e+00]\n",
      " [ 4.3110e-01 -1.0422e+00  9.3848e+02]]\n",
      "\n",
      "\n",
      "0.29730724898422783\n",
      "[[ 9.9952e+02 -6.4869e-01  4.2323e-01]\n",
      " [-6.4869e-01  1.0557e+03 -1.0871e+00]\n",
      " [ 4.2323e-01 -1.0871e+00  9.4444e+02]]\n",
      "\n",
      "\n",
      "0.30055933355676484\n",
      "[[ 1.0013e+03 -6.9793e-01  3.8868e-01]\n",
      " [-6.9793e-01  1.0661e+03 -1.0835e+00]\n",
      " [ 3.8868e-01 -1.0835e+00  9.4142e+02]]\n",
      "\n",
      "\n",
      "0.30109282016357736\n",
      "[[ 1.0018e+03 -6.1859e-01  3.9223e-01]\n",
      " [-6.1859e-01  1.0685e+03 -1.1826e+00]\n",
      " [ 3.9223e-01 -1.1826e+00  9.3305e+02]]\n",
      "\n",
      "\n",
      "0.30960895297431085\n",
      "[[ 1.0031e+03 -6.2022e-01  3.4861e-01]\n",
      " [-6.2022e-01  1.0654e+03 -1.1073e+00]\n",
      " [ 3.4861e-01 -1.1073e+00  9.3381e+02]]\n",
      "\n",
      "\n",
      "0.2929994524095491\n",
      "[[ 1.0020e+03 -5.5360e-01  3.5161e-01]\n",
      " [-5.5360e-01  1.0665e+03 -1.1382e+00]\n",
      " [ 3.5161e-01 -1.1382e+00  9.3460e+02]]\n",
      "\n",
      "\n",
      "0.2956717324294009\n",
      "[[ 9.9865e+02 -5.6087e-01  3.1789e-01]\n",
      " [-5.6087e-01  1.0638e+03 -1.2145e+00]\n",
      " [ 3.1789e-01 -1.2145e+00  9.3146e+02]]\n",
      "\n",
      "\n",
      "0.2929347936904684\n",
      "[[ 9.9956e+02 -5.9078e-01  4.3216e-01]\n",
      " [-5.9078e-01  1.0628e+03 -1.2028e+00]\n",
      " [ 4.3216e-01 -1.2028e+00  9.2438e+02]]\n",
      "\n",
      "\n",
      "0.3011573998232772\n",
      "[[ 9.9669e+02 -5.4677e-01  4.5221e-01]\n",
      " [-5.4677e-01  1.0548e+03 -1.2589e+00]\n",
      " [ 4.5221e-01 -1.2589e+00  9.2518e+02]]\n",
      "\n",
      "\n",
      "0.2770168079924157\n",
      "[[ 9.9687e+02 -5.1172e-01  5.1644e-01]\n",
      " [-5.1172e-01  1.0609e+03 -1.1117e+00]\n",
      " [ 5.1644e-01 -1.1117e+00  9.2911e+02]]\n",
      "\n",
      "\n",
      "0.2939810731245373\n",
      "[[ 9.9256e+02 -4.6560e-01  5.2070e-01]\n",
      " [-4.6560e-01  1.0609e+03 -1.1265e+00]\n",
      " [ 5.2070e-01 -1.1265e+00  9.3060e+02]]\n",
      "\n",
      "\n",
      "0.29031830766417577\n",
      "[[ 9.9043e+02 -4.9694e-01  5.2853e-01]\n",
      " [-4.9694e-01  1.0621e+03 -1.2166e+00]\n",
      " [ 5.2853e-01 -1.2166e+00  9.2882e+02]]\n",
      "\n",
      "\n"
     ]
    },
    {
     "name": "stdout",
     "output_type": "stream",
     "text": [
      "0.2809450952275701\n",
      "[[ 9.8949e+02 -5.7943e-01  4.2478e-01]\n",
      " [-5.7943e-01  1.0674e+03 -1.2185e+00]\n",
      " [ 4.2478e-01 -1.2185e+00  9.2842e+02]]\n",
      "\n",
      "\n",
      "0.294236320600839\n",
      "[[ 9.8956e+02 -5.5013e-01  5.1423e-01]\n",
      " [-5.5013e-01  1.0671e+03 -1.3974e+00]\n",
      " [ 5.1423e-01 -1.3974e+00  9.2378e+02]]\n",
      "\n",
      "\n",
      "0.2930534095198491\n",
      "[[ 9.8971e+02 -4.0465e-01  5.3853e-01]\n",
      " [-4.0465e-01  1.0639e+03 -1.5621e+00]\n",
      " [ 5.3853e-01 -1.5621e+00  9.2218e+02]]\n",
      "\n",
      "\n",
      "0.3050014225592721\n",
      "[[ 9.8717e+02 -4.6323e-01  5.4501e-01]\n",
      " [-4.6323e-01  1.0658e+03 -1.6097e+00]\n",
      " [ 5.4501e-01 -1.6097e+00  9.2557e+02]]\n",
      "\n",
      "\n",
      "0.29099057296142566\n",
      "[[ 9.7831e+02 -5.0701e-01  5.9486e-01]\n",
      " [-5.0701e-01  1.0704e+03 -1.7150e+00]\n",
      " [ 5.9486e-01 -1.7150e+00  9.2406e+02]]\n",
      "\n",
      "\n",
      "0.29131159463484335\n",
      "[[ 9.8079e+02 -5.0488e-01  6.8844e-01]\n",
      " [-5.0488e-01  1.0654e+03 -1.5659e+00]\n",
      " [ 6.8844e-01 -1.5659e+00  9.2332e+02]]\n",
      "\n",
      "\n",
      "0.3063307133299124\n",
      "[[ 9.8222e+02 -5.8998e-01  6.8227e-01]\n",
      " [-5.8998e-01  1.0632e+03 -1.5892e+00]\n",
      " [ 6.8227e-01 -1.5892e+00  9.1932e+02]]\n",
      "\n",
      "\n",
      "0.29645471274654417\n",
      "[[ 9.8209e+02 -5.2636e-01  7.1787e-01]\n",
      " [-5.2636e-01  1.0613e+03 -1.5649e+00]\n",
      " [ 7.1787e-01 -1.5649e+00  9.1800e+02]]\n",
      "\n",
      "\n",
      "0.29584523880048036\n",
      "[[ 9.8089e+02 -5.4357e-01  6.8723e-01]\n",
      " [-5.4357e-01  1.0623e+03 -1.5575e+00]\n",
      " [ 6.8723e-01 -1.5575e+00  9.1874e+02]]\n",
      "\n",
      "\n",
      "0.2888111558535248\n",
      "[[ 9.8139e+02 -4.9099e-01  8.1236e-01]\n",
      " [-4.9099e-01  1.0687e+03 -1.4295e+00]\n",
      " [ 8.1236e-01 -1.4295e+00  9.1946e+02]]\n",
      "\n",
      "\n",
      "0.30606218927676515\n",
      "[[ 9.8830e+02 -5.1850e-01  8.1738e-01]\n",
      " [-5.1850e-01  1.0625e+03 -1.3905e+00]\n",
      " [ 8.1738e-01 -1.3905e+00  9.2238e+02]]\n",
      "\n",
      "\n",
      "0.2894416389534373\n",
      "[[ 9.8802e+02 -5.7682e-01  7.2483e-01]\n",
      " [-5.7682e-01  1.0590e+03 -1.4151e+00]\n",
      " [ 7.2483e-01 -1.4151e+00  9.1996e+02]]\n",
      "\n",
      "\n",
      "0.3011597305021636\n",
      "[[ 9.8990e+02 -5.6868e-01  7.2439e-01]\n",
      " [-5.6868e-01  1.0578e+03 -1.4577e+00]\n",
      " [ 7.2439e-01 -1.4577e+00  9.1762e+02]]\n",
      "\n",
      "\n",
      "0.3028356899068785\n",
      "[[ 9.8777e+02 -5.2432e-01  7.2242e-01]\n",
      " [-5.2432e-01  1.0603e+03 -1.3277e+00]\n",
      " [ 7.2242e-01 -1.3277e+00  9.1725e+02]]\n",
      "\n",
      "\n",
      "0.2947519144925513\n",
      "[[ 9.9550e+02 -6.3167e-01  6.6188e-01]\n",
      " [-6.3167e-01  1.0617e+03 -1.4623e+00]\n",
      " [ 6.6188e-01 -1.4623e+00  9.1728e+02]]\n",
      "\n",
      "\n",
      "0.29459904503957285\n",
      "[[ 9.9069e+02 -5.0558e-01  7.0828e-01]\n",
      " [-5.0558e-01  1.0573e+03 -1.3894e+00]\n",
      " [ 7.0828e-01 -1.3894e+00  9.1602e+02]]\n",
      "\n",
      "\n",
      "0.29772683145493534\n",
      "[[ 9.9204e+02 -4.7843e-01  7.5844e-01]\n",
      " [-4.7843e-01  1.0600e+03 -1.4293e+00]\n",
      " [ 7.5844e-01 -1.4293e+00  9.1037e+02]]\n",
      "\n",
      "\n",
      "0.29358046210746047\n",
      "[[ 9.8580e+02 -5.1479e-01  7.2852e-01]\n",
      " [-5.1479e-01  1.0561e+03 -1.2879e+00]\n",
      " [ 7.2852e-01 -1.2879e+00  9.1123e+02]]\n",
      "\n",
      "\n",
      "0.29328932341008834\n",
      "[[ 9.8310e+02 -5.7258e-01  8.1750e-01]\n",
      " [-5.7258e-01  1.0547e+03 -1.3082e+00]\n",
      " [ 8.1750e-01 -1.3082e+00  9.0938e+02]]\n",
      "\n",
      "\n",
      "0.28619810906682425\n",
      "[[ 9.8882e+02 -5.4264e-01  8.4349e-01]\n",
      " [-5.4264e-01  1.0601e+03 -1.2750e+00]\n",
      " [ 8.4349e-01 -1.2750e+00  9.1203e+02]]\n",
      "\n",
      "\n",
      "0.29419500898323087\n",
      "[[ 9.8985e+02 -5.6095e-01  8.8367e-01]\n",
      " [-5.6095e-01  1.0588e+03 -1.2767e+00]\n",
      " [ 8.8367e-01 -1.2767e+00  9.0974e+02]]\n",
      "\n",
      "\n",
      "0.2986455122795429\n",
      "[[ 9.8278e+02 -5.5981e-01  9.1464e-01]\n",
      " [-5.5981e-01  1.0556e+03 -1.3396e+00]\n",
      " [ 9.1464e-01 -1.3396e+00  9.0900e+02]]\n",
      "\n",
      "\n",
      "0.2861134397875235\n",
      "[[ 9.8781e+02 -6.4272e-01  9.1345e-01]\n",
      " [-6.4272e-01  1.0514e+03 -1.3722e+00]\n",
      " [ 9.1345e-01 -1.3722e+00  9.1162e+02]]\n",
      "\n",
      "\n",
      "0.3031930512681105\n",
      "[[ 9.9074e+02 -6.8313e-01  8.8566e-01]\n",
      " [-6.8313e-01  1.0517e+03 -1.2449e+00]\n",
      " [ 8.8566e-01 -1.2449e+00  9.1311e+02]]\n",
      "\n",
      "\n",
      "0.2871565306659657\n",
      "[[ 9.8609e+02 -7.3220e-01  8.0449e-01]\n",
      " [-7.3220e-01  1.0462e+03 -1.2219e+00]\n",
      " [ 8.0449e-01 -1.2219e+00  9.1203e+02]]\n",
      "\n",
      "\n",
      "0.2942474436944754\n",
      "[[ 9.8491e+02 -6.7807e-01  8.7594e-01]\n",
      " [-6.7807e-01  1.0462e+03 -1.1977e+00]\n",
      " [ 8.7594e-01 -1.1977e+00  9.1551e+02]]\n",
      "\n",
      "\n",
      "0.2992683114863617\n",
      "[[ 9.7694e+02 -7.3436e-01  8.4234e-01]\n",
      " [-7.3436e-01  1.0485e+03 -1.2370e+00]\n",
      " [ 8.4234e-01 -1.2370e+00  9.1097e+02]]\n",
      "\n",
      "\n",
      "0.2987980772681541\n",
      "[[ 9.7896e+02 -7.6593e-01  8.1628e-01]\n",
      " [-7.6593e-01  1.0526e+03 -1.2291e+00]\n",
      " [ 8.1628e-01 -1.2291e+00  9.1124e+02]]\n",
      "\n",
      "\n",
      "0.29302187968528604\n",
      "[[ 9.8516e+02 -7.8498e-01  8.4187e-01]\n",
      " [-7.8498e-01  1.0488e+03 -1.1180e+00]\n",
      " [ 8.4187e-01 -1.1180e+00  9.1366e+02]]\n",
      "\n",
      "\n",
      "0.28344242033931694\n",
      "[[ 9.8685e+02 -8.4343e-01  7.9639e-01]\n",
      " [-8.4343e-01  1.0420e+03 -1.1895e+00]\n",
      " [ 7.9639e-01 -1.1895e+00  9.1756e+02]]\n",
      "\n",
      "\n",
      "0.2822587872855074\n",
      "[[ 9.8543e+02 -9.1857e-01  1.0301e+00]\n",
      " [-9.1857e-01  1.0441e+03 -1.2587e+00]\n",
      " [ 1.0301e+00 -1.2587e+00  9.1330e+02]]\n",
      "\n",
      "\n",
      "0.28896152109722567\n",
      "[[ 9.8009e+02 -9.6014e-01  1.0039e+00]\n",
      " [-9.6014e-01  1.0414e+03 -1.2809e+00]\n",
      " [ 1.0039e+00 -1.2809e+00  9.1832e+02]]\n",
      "\n",
      "\n",
      "0.30857042394152645\n",
      "[[ 9.8198e+02 -9.5214e-01  8.7013e-01]\n",
      " [-9.5214e-01  1.0379e+03 -1.4099e+00]\n",
      " [ 8.7013e-01 -1.4099e+00  9.1748e+02]]\n",
      "\n",
      "\n",
      "0.29942405279354034\n",
      "[[ 9.8012e+02 -9.5673e-01  7.9351e-01]\n",
      " [-9.5673e-01  1.0410e+03 -1.4961e+00]\n",
      " [ 7.9351e-01 -1.4961e+00  9.1762e+02]]\n",
      "\n",
      "\n",
      "0.30773520363717116\n",
      "[[ 9.8133e+02 -9.9149e-01  8.6305e-01]\n",
      " [-9.9149e-01  1.0473e+03 -1.5228e+00]\n",
      " [ 8.6305e-01 -1.5228e+00  9.1826e+02]]\n",
      "\n",
      "\n",
      "0.3019958075556\n",
      "[[ 9.7696e+02 -8.8719e-01  9.9007e-01]\n",
      " [-8.8719e-01  1.0465e+03 -1.4913e+00]\n",
      " [ 9.9007e-01 -1.4913e+00  9.1823e+02]]\n",
      "\n",
      "\n",
      "0.2905301191188921\n",
      "[[ 9.6852e+02 -9.4436e-01  9.7446e-01]\n",
      " [-9.4436e-01  1.0406e+03 -1.5100e+00]\n",
      " [ 9.7446e-01 -1.5100e+00  9.1877e+02]]\n",
      "\n",
      "\n",
      "0.2817761395168655\n",
      "[[ 9.7782e+02 -9.0169e-01  9.5833e-01]\n",
      " [-9.0169e-01  1.0419e+03 -1.3264e+00]\n",
      " [ 9.5833e-01 -1.3264e+00  9.1867e+02]]\n",
      "\n",
      "\n",
      "0.2793332707025698\n",
      "[[ 9.7796e+02 -9.8577e-01  8.3157e-01]\n",
      " [-9.8577e-01  1.0538e+03 -1.3994e+00]\n",
      " [ 8.3157e-01 -1.3994e+00  9.1344e+02]]\n",
      "\n",
      "\n",
      "0.30323773667109133\n",
      "[[ 9.7429e+02 -9.1996e-01  7.4168e-01]\n",
      " [-9.1996e-01  1.0487e+03 -1.4237e+00]\n",
      " [ 7.4168e-01 -1.4237e+00  9.1015e+02]]\n",
      "\n",
      "\n",
      "0.29829974115083907\n",
      "[[ 9.7060e+02 -9.3512e-01  8.3160e-01]\n",
      " [-9.3512e-01  1.0472e+03 -1.4630e+00]\n",
      " [ 8.3160e-01 -1.4630e+00  9.1148e+02]]\n",
      "\n",
      "\n",
      "0.2991578765823062\n",
      "[[ 9.7294e+02 -8.5144e-01  7.8543e-01]\n",
      " [-8.5144e-01  1.0464e+03 -1.4801e+00]\n",
      " [ 7.8543e-01 -1.4801e+00  9.1223e+02]]\n",
      "\n",
      "\n",
      "0.289826614263\n",
      "[[ 9.7486e+02 -9.1347e-01  7.7975e-01]\n",
      " [-9.1347e-01  1.0440e+03 -1.5206e+00]\n",
      " [ 7.7975e-01 -1.5206e+00  9.1588e+02]]\n",
      "\n",
      "\n",
      "0.29473388038329346\n",
      "[[ 9.7902e+02 -9.8729e-01  8.7364e-01]\n",
      " [-9.8729e-01  1.0428e+03 -1.5480e+00]\n",
      " [ 8.7364e-01 -1.5480e+00  9.1265e+02]]\n",
      "\n",
      "\n",
      "0.28469270537905467\n",
      "[[ 9.7714e+02 -1.0074e+00  9.5258e-01]\n",
      " [-1.0074e+00  1.0372e+03 -1.6256e+00]\n",
      " [ 9.5258e-01 -1.6256e+00  9.1556e+02]]\n",
      "\n",
      "\n",
      "0.29426545087321615\n",
      "[[ 9.8150e+02 -9.7325e-01  9.8274e-01]\n",
      " [-9.7325e-01  1.0308e+03 -1.5677e+00]\n",
      " [ 9.8274e-01 -1.5677e+00  9.1027e+02]]\n",
      "\n",
      "\n",
      "0.3065985551173185\n",
      "[[ 9.7548e+02 -8.8754e-01  1.0457e+00]\n",
      " [-8.8754e-01  1.0349e+03 -1.5396e+00]\n",
      " [ 1.0457e+00 -1.5396e+00  9.1169e+02]]\n",
      "\n",
      "\n",
      "0.29269546926661977\n",
      "[[ 9.7715e+02 -9.4952e-01  9.8453e-01]\n",
      " [-9.4952e-01  1.0456e+03 -1.5482e+00]\n",
      " [ 9.8453e-01 -1.5482e+00  9.1218e+02]]\n",
      "\n",
      "\n",
      "0.2898284992536441\n",
      "[[ 9.7741e+02 -9.3076e-01  9.0799e-01]\n",
      " [-9.3076e-01  1.0452e+03 -1.7060e+00]\n",
      " [ 9.0799e-01 -1.7060e+00  9.0929e+02]]\n",
      "\n",
      "\n",
      "0.29585266798737897\n",
      "[[ 9.8090e+02 -9.8650e-01  8.0648e-01]\n",
      " [-9.8650e-01  1.0437e+03 -1.7750e+00]\n",
      " [ 8.0648e-01 -1.7750e+00  9.0668e+02]]\n",
      "\n",
      "\n",
      "0.28946820528362927\n",
      "[[ 9.8807e+02 -1.0971e+00  7.7517e-01]\n",
      " [-1.0971e+00  1.0413e+03 -1.6801e+00]\n",
      " [ 7.7517e-01 -1.6801e+00  9.0899e+02]]\n",
      "\n",
      "\n",
      "0.30421796489875114\n",
      "[[ 9.8465e+02 -1.1112e+00  7.7201e-01]\n",
      " [-1.1112e+00  1.0424e+03 -1.6828e+00]\n",
      " [ 7.7201e-01 -1.6828e+00  9.1588e+02]]\n",
      "\n",
      "\n",
      "0.29302507222557944\n",
      "[[ 9.8501e+02 -1.1589e+00  7.7008e-01]\n",
      " [-1.1589e+00  1.0464e+03 -1.6165e+00]\n",
      " [ 7.7008e-01 -1.6165e+00  9.1603e+02]]\n",
      "\n",
      "\n",
      "0.2977503141941035\n",
      "[[ 9.8021e+02 -1.1864e+00  8.2126e-01]\n",
      " [-1.1864e+00  1.0451e+03 -1.5887e+00]\n",
      " [ 8.2126e-01 -1.5887e+00  9.1479e+02]]\n",
      "\n",
      "\n",
      "0.29544956926227217\n",
      "[[ 9.7759e+02 -1.2795e+00  6.7798e-01]\n",
      " [-1.2795e+00  1.0345e+03 -1.6538e+00]\n",
      " [ 6.7798e-01 -1.6538e+00  9.1595e+02]]\n",
      "\n",
      "\n",
      "0.314704485251022\n",
      "[[ 9.7851e+02 -1.3317e+00  6.9055e-01]\n",
      " [-1.3317e+00  1.0339e+03 -1.7171e+00]\n",
      " [ 6.9055e-01 -1.7171e+00  9.1650e+02]]\n",
      "\n",
      "\n",
      "0.3030202217853715\n",
      "[[ 9.7398e+02 -1.3332e+00  6.7504e-01]\n",
      " [-1.3332e+00  1.0346e+03 -1.7235e+00]\n",
      " [ 6.7504e-01 -1.7235e+00  9.1877e+02]]\n",
      "\n",
      "\n",
      "0.29337051055151664\n",
      "[[ 9.7316e+02 -1.3713e+00  7.1836e-01]\n",
      " [-1.3713e+00  1.0404e+03 -1.7572e+00]\n",
      " [ 7.1836e-01 -1.7572e+00  9.1790e+02]]\n",
      "\n",
      "\n",
      "0.2963101158784731\n",
      "[[ 9.7610e+02 -1.3918e+00  7.8434e-01]\n",
      " [-1.3918e+00  1.0368e+03 -1.8295e+00]\n",
      " [ 7.8434e-01 -1.8295e+00  9.1488e+02]]\n",
      "\n",
      "\n"
     ]
    },
    {
     "name": "stdout",
     "output_type": "stream",
     "text": [
      "0.31269303749946337\n",
      "[[ 9.7318e+02 -1.4039e+00  7.5323e-01]\n",
      " [-1.4039e+00  1.0418e+03 -1.8264e+00]\n",
      " [ 7.5323e-01 -1.8264e+00  9.1324e+02]]\n",
      "\n",
      "\n",
      "0.29406539190762143\n",
      "[[ 9.7066e+02 -1.3206e+00  7.4846e-01]\n",
      " [-1.3206e+00  1.0441e+03 -1.7676e+00]\n",
      " [ 7.4846e-01 -1.7676e+00  9.1261e+02]]\n",
      "\n",
      "\n",
      "0.2988431898640845\n",
      "[[ 9.7133e+02 -1.2266e+00  7.9338e-01]\n",
      " [-1.2266e+00  1.0414e+03 -1.7430e+00]\n",
      " [ 7.9338e-01 -1.7430e+00  9.1416e+02]]\n",
      "\n",
      "\n",
      "0.278733824192944\n",
      "[[ 9.6279e+02 -1.1903e+00  6.8742e-01]\n",
      " [-1.1903e+00  1.0345e+03 -1.6940e+00]\n",
      " [ 6.8742e-01 -1.6940e+00  9.1315e+02]]\n",
      "\n",
      "\n",
      "0.2907022198344327\n",
      "[[ 9.6577e+02 -1.2140e+00  7.9322e-01]\n",
      " [-1.2140e+00  1.0360e+03 -1.6891e+00]\n",
      " [ 7.9322e-01 -1.6891e+00  9.0846e+02]]\n",
      "\n",
      "\n",
      "0.31038408212756774\n",
      "[[ 9.7091e+02 -1.3009e+00  7.2532e-01]\n",
      " [-1.3009e+00  1.0357e+03 -1.7302e+00]\n",
      " [ 7.2532e-01 -1.7302e+00  9.0551e+02]]\n",
      "\n",
      "\n",
      "0.28065674411773595\n",
      "[[ 9.7047e+02 -1.2662e+00  6.3598e-01]\n",
      " [-1.2662e+00  1.0402e+03 -1.7440e+00]\n",
      " [ 6.3598e-01 -1.7440e+00  9.0246e+02]]\n",
      "\n",
      "\n",
      "0.2872818589126067\n",
      "[[ 9.6375e+02 -1.2095e+00  6.3407e-01]\n",
      " [-1.2095e+00  1.0310e+03 -1.6372e+00]\n",
      " [ 6.3407e-01 -1.6372e+00  8.9948e+02]]\n",
      "\n",
      "\n",
      "0.28463356743554513\n",
      "[[ 9.6557e+02 -1.2395e+00  5.8958e-01]\n",
      " [-1.2395e+00  1.0400e+03 -1.6516e+00]\n",
      " [ 5.8958e-01 -1.6516e+00  9.0057e+02]]\n",
      "\n",
      "\n",
      "0.2931219489916579\n",
      "[[ 9.6836e+02 -1.3244e+00  6.0000e-01]\n",
      " [-1.3244e+00  1.0336e+03 -1.6747e+00]\n",
      " [ 6.0000e-01 -1.6747e+00  9.0035e+02]]\n",
      "\n",
      "\n",
      "0.27989911091148845\n",
      "[[ 9.5987e+02 -1.3424e+00  6.3873e-01]\n",
      " [-1.3424e+00  1.0378e+03 -1.6260e+00]\n",
      " [ 6.3873e-01 -1.6260e+00  9.0500e+02]]\n",
      "\n",
      "\n",
      "0.29359100024497403\n",
      "[[ 9.6604e+02 -1.2986e+00  6.8291e-01]\n",
      " [-1.2986e+00  1.0311e+03 -1.6548e+00]\n",
      " [ 6.8291e-01 -1.6548e+00  9.0086e+02]]\n",
      "\n",
      "\n",
      "0.2965732632545221\n",
      "[[ 9.6981e+02 -1.2760e+00  7.6107e-01]\n",
      " [-1.2760e+00  1.0278e+03 -1.7115e+00]\n",
      " [ 7.6107e-01 -1.7115e+00  9.0410e+02]]\n",
      "\n",
      "\n",
      "0.2887695530823339\n",
      "[[ 9.7234e+02 -1.3311e+00  6.5979e-01]\n",
      " [-1.3311e+00  1.0301e+03 -1.7755e+00]\n",
      " [ 6.5979e-01 -1.7755e+00  9.0453e+02]]\n",
      "\n",
      "\n",
      "0.29524335578154937\n",
      "[[ 9.6984e+02 -1.3376e+00  5.4773e-01]\n",
      " [-1.3376e+00  1.0278e+03 -1.6596e+00]\n",
      " [ 5.4773e-01 -1.6596e+00  9.0110e+02]]\n",
      "\n",
      "\n",
      "0.28762522693880377\n",
      "[[ 9.7298e+02 -1.2907e+00  5.1418e-01]\n",
      " [-1.2907e+00  1.0236e+03 -1.7798e+00]\n",
      " [ 5.1418e-01 -1.7798e+00  8.9910e+02]]\n",
      "\n",
      "\n",
      "0.2935141399115662\n",
      "[[ 9.6984e+02 -1.2732e+00  5.3770e-01]\n",
      " [-1.2732e+00  1.0281e+03 -1.7840e+00]\n",
      " [ 5.3770e-01 -1.7840e+00  8.9796e+02]]\n",
      "\n",
      "\n",
      "0.285142132290256\n",
      "[[ 9.6779e+02 -1.2678e+00  4.9117e-01]\n",
      " [-1.2678e+00  1.0221e+03 -1.7291e+00]\n",
      " [ 4.9117e-01 -1.7291e+00  8.9299e+02]]\n",
      "\n",
      "\n",
      "0.2938694024153205\n",
      "[[ 9.6682e+02 -1.1840e+00  4.2634e-01]\n",
      " [-1.1840e+00  1.0258e+03 -1.7884e+00]\n",
      " [ 4.2634e-01 -1.7884e+00  9.0149e+02]]\n",
      "\n",
      "\n",
      "0.2973960907248776\n",
      "[[ 9.6490e+02 -1.1797e+00  5.1359e-01]\n",
      " [-1.1797e+00  1.0312e+03 -1.7790e+00]\n",
      " [ 5.1359e-01 -1.7790e+00  9.0212e+02]]\n",
      "\n",
      "\n",
      "0.2936220040195948\n",
      "[[ 9.6352e+02 -1.2841e+00  5.4686e-01]\n",
      " [-1.2841e+00  1.0296e+03 -1.8112e+00]\n",
      " [ 5.4686e-01 -1.8112e+00  9.0299e+02]]\n",
      "\n",
      "\n",
      "0.2949841099180693\n",
      "[[ 9.6252e+02 -1.3164e+00  5.8278e-01]\n",
      " [-1.3164e+00  1.0234e+03 -1.7861e+00]\n",
      " [ 5.8278e-01 -1.7861e+00  9.0261e+02]]\n",
      "\n",
      "\n",
      "0.28467234256547347\n",
      "[[ 9.6422e+02 -1.3050e+00  4.8556e-01]\n",
      " [-1.3050e+00  1.0233e+03 -1.7136e+00]\n",
      " [ 4.8556e-01 -1.7136e+00  9.0048e+02]]\n",
      "\n",
      "\n",
      "0.3022849996108725\n",
      "[[ 9.6129e+02 -1.3808e+00  5.5646e-01]\n",
      " [-1.3808e+00  1.0257e+03 -1.6442e+00]\n",
      " [ 5.5646e-01 -1.6442e+00  9.0028e+02]]\n",
      "\n",
      "\n",
      "0.2806584658182437\n",
      "[[ 9.6829e+02 -1.4244e+00  5.4740e-01]\n",
      " [-1.4244e+00  1.0233e+03 -1.6729e+00]\n",
      " [ 5.4740e-01 -1.6729e+00  9.0074e+02]]\n",
      "\n",
      "\n",
      "0.2963547850799742\n",
      "[[ 9.7311e+02 -1.5782e+00  4.4610e-01]\n",
      " [-1.5782e+00  1.0298e+03 -1.6416e+00]\n",
      " [ 4.4610e-01 -1.6416e+00  9.0229e+02]]\n",
      "\n",
      "\n",
      "0.2923268606925371\n",
      "[[ 9.7117e+02 -1.6011e+00  4.8087e-01]\n",
      " [-1.6011e+00  1.0300e+03 -1.7158e+00]\n",
      " [ 4.8087e-01 -1.7158e+00  8.9889e+02]]\n",
      "\n",
      "\n",
      "0.29666224250117235\n",
      "[[ 9.6880e+02 -1.6139e+00  5.2456e-01]\n",
      " [-1.6139e+00  1.0332e+03 -1.7252e+00]\n",
      " [ 5.2456e-01 -1.7252e+00  8.9947e+02]]\n",
      "\n",
      "\n",
      "0.2932980938284198\n",
      "[[ 9.6898e+02 -1.6074e+00  4.4279e-01]\n",
      " [-1.6074e+00  1.0311e+03 -1.7618e+00]\n",
      " [ 4.4279e-01 -1.7618e+00  8.9801e+02]]\n",
      "\n",
      "\n",
      "0.28670327035155196\n",
      "[[ 9.6711e+02 -1.6069e+00  4.7552e-01]\n",
      " [-1.6069e+00  1.0269e+03 -1.7444e+00]\n",
      " [ 4.7552e-01 -1.7444e+00  8.9733e+02]]\n",
      "\n",
      "\n",
      "0.28658737109294824\n",
      "[[ 9.6625e+02 -1.5730e+00  4.4189e-01]\n",
      " [-1.5730e+00  1.0258e+03 -1.7604e+00]\n",
      " [ 4.4189e-01 -1.7604e+00  8.9682e+02]]\n",
      "\n",
      "\n",
      "0.29367751440471773\n",
      "[[ 9.6326e+02 -1.5412e+00  4.6010e-01]\n",
      " [-1.5412e+00  1.0263e+03 -1.6819e+00]\n",
      " [ 4.6010e-01 -1.6819e+00  8.9697e+02]]\n",
      "\n",
      "\n",
      "0.2928831450299571\n",
      "[[ 9.6240e+02 -1.4999e+00  4.9136e-01]\n",
