{
 "cells": [
  {
   "cell_type": "code",
   "execution_count": 1,
   "metadata": {},
   "outputs": [],
   "source": [
    "import tensorflow as tf\n",
    "from flows import NormalRW, DFlow, ResFlow, NVPFlow, phase, Normal, floatX, MVNormal, MVNormalRW, Linear, CFlow, LinearChol\n",
    "import numpy as np\n",
    "import pandas as pd\n",
    "from matplotlib import pyplot as plt\n",
    "import seaborn as sns\n",
    "from tensorflow.contrib.distributions import WishartCholesky\n",
    "\n",
    "np.random.seed(1234)"
   ]
  },
  {
   "cell_type": "code",
   "execution_count": 2,
   "metadata": {},
   "outputs": [],
   "source": [
    "data = pd.read_csv('./data/test_rus_data.csv').values.astype(floatX).T[np.newaxis][:,2:]/100"
   ]
  },
  {
   "cell_type": "code",
   "execution_count": 3,
   "metadata": {},
   "outputs": [
    {
     "name": "stdout",
     "output_type": "stream",
     "text": [
      "[0.21742282 0.16835931 0.01139835]\n"
     ]
    }
   ],
   "source": [
    "stds = (data[0,1:] - data[0,:-1]).std(axis=0)\n",
    "print(stds)\n",
    "data /= stds"
   ]
  },
  {
   "cell_type": "code",
   "execution_count": 4,
   "metadata": {},
   "outputs": [],
   "source": [
    "xs = data"
   ]
  },
  {
   "cell_type": "code",
   "execution_count": 5,
   "metadata": {},
   "outputs": [],
   "source": [
    "n = data.shape[1]\n",
    "s1 = 0.01\n",
    "s0 = 2.\n",
    "dim = [3,4]\n",
    "\n",
    "k = dim[0] * dim[1]\n",
    "# with tf.variable_scope('pwalk_inf', reuse=tf.AUTO_REUSE):\n",
    "#     lowerd = DFlow([Linear(dim=k*(k-1)//2 + k, name='lowerd_flow')])\n",
    "#     ldiag = DFlow([NVPFlow(dim=k, name='lowerd_flow_' + str(i)) for i in range(4)])\n",
    "# PWalk = MVNormalRW(dim[0]*dim[1], sigma=s1, sigma0=s0, name='param_walk_prior', \n",
    "#                    lowerd=lowerd.output[0], ldiag=ldiag.output[0]+np.log(1/s1))\n",
    "PWalk = MVNormalRW(dim[0]*dim[1], sigma=s1, sigma0=s0, name='param_walk_prior')"
   ]
  },
  {
   "cell_type": "code",
   "execution_count": 6,
   "metadata": {},
   "outputs": [],
   "source": [
    "def autoregr_tf(X, param):\n",
    "    d = param[:,:dim[-1]-1]\n",
    "    X = tf.matmul(X, d) + param[:,-1][np.newaxis]\n",
    "    return X"
   ]
  },
  {
   "cell_type": "code",
   "execution_count": 7,
   "metadata": {},
   "outputs": [],
   "source": [
    "def create_step_flow(name=None, prev_flow_output=None, init_sigma=1.):\n",
    "    with tf.variable_scope(name, reuse=False):\n",
    "        \n",
    "        if prev_flow_output is not None:\n",
    "            aux_vars = prev_flow_output\n",
    "        else:\n",
    "            aux_vars = None\n",
    "            \n",
    "        step_flow = DFlow([LinearChol(dim=dim[0]*dim[1], name='lc', aux_vars=aux_vars)], \n",
    "                          init_sigma=init_sigma)\n",
    "    return step_flow"
   ]
  },
  {
   "cell_type": "code",
   "execution_count": 8,
   "metadata": {},
   "outputs": [],
   "source": [
    "flows = [create_step_flow('step_flow0', init_sigma=s0)]\n",
    "outputs = [flows[-1].output]\n",
    "for i in range(n-1):\n",
    "    if i >= 1:\n",
    "        aux = tf.concat([outputs[-1], outputs[-2]], 1)\n",
    "    else:\n",
    "        aux = outputs[-1]\n",
    "    new = create_step_flow('step_flow' + str(i+1), aux, init_sigma=s1)\n",
    "    flows.append(new)\n",
    "    outputs.append(outputs[-1] + new.output)"
   ]
  },
  {
   "cell_type": "code",
   "execution_count": 9,
   "metadata": {},
   "outputs": [],
   "source": [
    "outputs = tf.concat(outputs, axis=0)[tf.newaxis]"
   ]
  },
  {
   "cell_type": "code",
   "execution_count": 10,
   "metadata": {},
   "outputs": [
    {
     "data": {
      "text/plain": [
       "<tf.Tensor 'strided_slice:0' shape=(1, 20, 12) dtype=float64>"
      ]
     },
     "execution_count": 10,
     "metadata": {},
     "output_type": "execute_result"
    }
   ],
   "source": [
    "outputs"
   ]
  },
  {
   "cell_type": "code",
   "execution_count": 11,
   "metadata": {},
   "outputs": [],
   "source": [
    "prior = PWalk.logdens(outputs)"
   ]
  },
  {
   "cell_type": "code",
   "execution_count": 12,
   "metadata": {},
   "outputs": [
    {
     "data": {
      "text/plain": [
       "<tf.Tensor 'param_walk_prior_2/logdens/add:0' shape=() dtype=float64>"
      ]
     },
     "execution_count": 12,
     "metadata": {},
     "output_type": "execute_result"
    }
   ],
   "source": [
    "prior"
   ]
  },
  {
   "cell_type": "code",
   "execution_count": 13,
   "metadata": {},
   "outputs": [],
   "source": [
    "def create_loglik2():\n",
    "    obs_d = Normal(dim=None, sigma=1., mu=0)\n",
    "    out = tf.reshape(outputs, [n, dim[0], dim[1]])\n",
    "    \n",
    "    def step1(current):\n",
    "        X = current[0][np.newaxis]\n",
    "        param = current[1]\n",
    "        d = param[:,:dim[-1]-1]\n",
    "        X = tf.matmul(X, d)[0] + param[:,-1]\n",
    "        return X\n",
    "    \n",
    "    ar = tf.map_fn(step1, (xs[0][:-1], out[:-1]), dtype=tf.float64)\n",
    "    return obs_d.logdens(ar - xs[0][1:])"
   ]
  },
  {
   "cell_type": "code",
   "execution_count": 14,
   "metadata": {},
   "outputs": [],
   "source": [
    "logl = create_loglik2()"
   ]
  },
  {
   "cell_type": "code",
   "execution_count": 15,
   "metadata": {},
   "outputs": [],
   "source": [
    "ent = tf.reduce_sum([flow.logdens for flow in flows])"
   ]
  },
  {
   "cell_type": "code",
   "execution_count": 16,
   "metadata": {},
   "outputs": [
    {
     "data": {
      "text/plain": [
       "<tf.Tensor 'Sum_1:0' shape=() dtype=float64>"
      ]
     },
     "execution_count": 16,
     "metadata": {},
     "output_type": "execute_result"
    }
   ],
   "source": [
    "ent"
   ]
  },
  {
   "cell_type": "code",
   "execution_count": 17,
   "metadata": {},
   "outputs": [],
   "source": [
    "# df = dim[0]*dim[1]*10\n",
    "# pmat = np.diag([(1/s1**2)]*(dim[0]*dim[1]))/df\n",
    "# cov_prior = WishartCholesky(df, pmat, cholesky_input_output_matrices=True)"
   ]
  },
  {
   "cell_type": "code",
   "execution_count": 18,
   "metadata": {},
   "outputs": [],
   "source": [
    "loss = -logl - prior + ent# - cov_prior.log_prob(PWalk.fsigma) + lowerd.logdens + ldiag.logdens\n",
    "loss /= n*dim[0]*dim[1]"
   ]
  },
  {
   "cell_type": "code",
   "execution_count": 19,
   "metadata": {},
   "outputs": [
    {
     "data": {
      "text/plain": [
       "<tf.Tensor 'loss:0' shape=() dtype=string>"
      ]
     },
     "execution_count": 19,
     "metadata": {},
     "output_type": "execute_result"
    }
   ],
   "source": [
    "tf.summary.scalar('loss', loss)"
   ]
  },
  {
   "cell_type": "code",
   "execution_count": 20,
   "metadata": {},
   "outputs": [],
   "source": [
    "opt = tf.train.AdamOptimizer(0.0001).minimize(loss)"
   ]
  },
  {
   "cell_type": "code",
   "execution_count": 21,
   "metadata": {},
   "outputs": [],
   "source": [
    "sess = tf.InteractiveSession()"
   ]
  },
  {
   "cell_type": "code",
   "execution_count": 22,
   "metadata": {},
   "outputs": [],
   "source": [
    "tf.global_variables_initializer().run()"
   ]
  },
  {
   "cell_type": "code",
   "execution_count": 23,
   "metadata": {},
   "outputs": [
    {
     "data": {
      "text/plain": [
       "(-9019.362541434572, 689.6864984435347, -3745.930937130927)"
      ]
     },
     "execution_count": 23,
     "metadata": {},
     "output_type": "execute_result"
    }
   ],
   "source": [
    "prior.eval(), ent.eval(), logl.eval()"
   ]
  },
  {
   "cell_type": "code",
   "execution_count": 24,
   "metadata": {},
   "outputs": [
    {
     "data": {
      "text/plain": [
       "124.48199983819494"
      ]
     },
     "execution_count": 24,
     "metadata": {},
     "output_type": "execute_result"
    }
   ],
   "source": [
    "loss.eval()"
   ]
  },
  {
   "cell_type": "code",
   "execution_count": 25,
   "metadata": {},
   "outputs": [],
   "source": [
    "np.set_printoptions(precision=4)"
   ]
  },
  {
   "cell_type": "code",
   "execution_count": 26,
   "metadata": {},
   "outputs": [
    {
     "data": {
      "text/plain": [
       "array([[1.0000e+04, 7.9942e+00, 5.1307e+00],\n",
       "       [7.9942e+00, 1.0000e+04, 8.0872e+00],\n",
       "       [5.1307e+00, 8.0872e+00, 1.0000e+04]])"
      ]
     },
     "execution_count": 26,
     "metadata": {},
     "output_type": "execute_result"
    }
   ],
   "source": [
    "PWalk.inverse_sigma.eval()[:3,:3]"
   ]
  },
  {
   "cell_type": "code",
   "execution_count": 27,
   "metadata": {},
   "outputs": [],
   "source": [
    "# all_sum = tf.summary.merge_all()\n",
    "# writer = tf.summary.FileWriter('/tmp/tfdbg')"
   ]
  },
  {
   "cell_type": "code",
   "execution_count": 89,
   "metadata": {
    "scrolled": true
   },
   "outputs": [
    {
     "name": "stdout",
     "output_type": "stream",
     "text": [
      "0.2928115279353527\n",
      "[[558.6622   2.0261   1.3064]\n",
      " [  2.0261 637.994   -2.2281]\n",
      " [  1.3064  -2.2281 505.404 ]]\n",
      "\n",
      "\n",
      "0.30809389882354715\n",
      "[[562.7463   2.0635   1.3032]\n",
      " [  2.0635 635.9319  -2.254 ]\n",
      " [  1.3032  -2.254  504.2626]]\n",
      "\n",
      "\n",
      "0.2935538570419384\n",
      "[[563.2548   2.0248   1.268 ]\n",
      " [  2.0248 635.7469  -2.3563]\n",
      " [  1.268   -2.3563 501.9668]]\n",
      "\n",
      "\n",
      "0.28188571836461995\n",
      "[[561.8285   1.994    1.2335]\n",
      " [  1.994  636.1185  -2.3258]\n",
      " [  1.2335  -2.3258 501.5538]]\n",
      "\n",
      "\n",
      "0.2887673401654927\n",
      "[[563.0958   2.0632   1.2143]\n",
      " [  2.0632 634.2438  -2.3056]\n",
      " [  1.2143  -2.3056 497.61  ]]\n",
      "\n",
      "\n",
      "0.29588229160373863\n",
      "[[560.7027   2.0378   1.1549]\n",
      " [  2.0378 636.7118  -2.3247]\n",
      " [  1.1549  -2.3247 497.703 ]]\n",
      "\n",
      "\n",
      "0.30071006747004225\n",
      "[[558.4897   2.054    1.2262]\n",
      " [  2.054  635.3038  -2.275 ]\n",
      " [  1.2262  -2.275  499.0826]]\n",
      "\n",
      "\n",
      "0.2925627365926966\n",
      "[[560.6311   2.0856   1.1947]\n",
      " [  2.0856 635.1319  -2.3072]\n",
      " [  1.1947  -2.3072 497.3985]]\n",
      "\n",
      "\n",
      "0.3030443280315211\n",
      "[[559.3236   2.0591   1.2397]\n",
      " [  2.0591 633.6947  -2.2908]\n",
      " [  1.2397  -2.2908 497.524 ]]\n",
      "\n",
      "\n",
      "0.29642807100427954\n",
      "[[562.4917   2.0953   1.2486]\n",
      " [  2.0953 634.5435  -2.2186]\n",
      " [  1.2486  -2.2186 500.8319]]\n",
      "\n",
      "\n",
      "0.28249539609914365\n",
      "[[563.3387   2.144    1.2349]\n",
      " [  2.144  637.2302  -2.2577]\n",
      " [  1.2349  -2.2577 501.3379]]\n",
      "\n",
      "\n",
      "0.28641119047557145\n",
      "[[565.2471   2.1299   1.2027]\n",
      " [  2.1299 632.9329  -2.3161]\n",
      " [  1.2027  -2.3161 501.5461]]\n",
      "\n",
      "\n",
      "0.2804294555477583\n",
      "[[562.5567   2.1448   1.2626]\n",
      " [  2.1448 635.1246  -2.3373]\n",
      " [  1.2626  -2.3373 499.8957]]\n",
      "\n",
      "\n",
      "0.2809887742996077\n",
      "[[559.9797   2.172    1.2326]\n",
      " [  2.172  635.6409  -2.3531]\n",
      " [  1.2326  -2.3531 502.0785]]\n",
      "\n",
      "\n",
      "0.28349257598409944\n",
      "[[560.5386   2.1137   1.3084]\n",
      " [  2.1137 631.7073  -2.3076]\n",
      " [  1.3084  -2.3076 498.8366]]\n",
      "\n",
      "\n",
      "0.2966110873728551\n",
      "[[563.3177   2.1288   1.2478]\n",
      " [  2.1288 632.1416  -2.279 ]\n",
      " [  1.2478  -2.279  500.6205]]\n",
      "\n",
      "\n",
      "0.3060451759940889\n",
      "[[560.8344   2.1269   1.2251]\n",
      " [  2.1269 634.1301  -2.1876]\n",
      " [  1.2251  -2.1876 500.8787]]\n",
      "\n",
      "\n",
      "0.2945516499198417\n",
      "[[560.4616   2.0948   1.2297]\n",
      " [  2.0948 636.7656  -2.2024]\n",
      " [  1.2297  -2.2024 501.0441]]\n",
      "\n",
      "\n",
      "0.29633004762827064\n",
      "[[560.4899   1.9839   1.1877]\n",
      " [  1.9839 638.6086  -2.2197]\n",
      " [  1.1877  -2.2197 500.5939]]\n",
      "\n",
      "\n",
      "0.2901271142024854\n",
      "[[560.8493   2.0452   1.1682]\n",
      " [  2.0452 642.6789  -2.2334]\n",
      " [  1.1682  -2.2334 499.4712]]\n",
      "\n",
      "\n",
      "0.2898690641145189\n",
      "[[564.395    2.015    1.2184]\n",
      " [  2.015  641.7908  -2.1836]\n",
      " [  1.2184  -2.1836 499.3013]]\n",
      "\n",
      "\n",
      "0.28685874759940616\n",
      "[[563.6315   1.9336   1.2274]\n",
      " [  1.9336 642.55    -2.2025]\n",
      " [  1.2274  -2.2025 498.9569]]\n",
      "\n",
      "\n",
      "0.285940116670757\n",
      "[[561.5839   1.9434   1.1728]\n",
      " [  1.9434 642.3627  -2.1967]\n",
      " [  1.1728  -2.1967 497.8081]]\n",
      "\n",
      "\n",
      "0.28691742586556285\n",
      "[[560.8821   1.9742   1.151 ]\n",
      " [  1.9742 643.1098  -2.1488]\n",
      " [  1.151   -2.1488 498.8256]]\n",
      "\n",
      "\n",
      "0.2902261596560528\n",
      "[[563.5507   1.9402   1.1802]\n",
      " [  1.9402 642.2596  -2.2149]\n",
      " [  1.1802  -2.2149 498.851 ]]\n",
      "\n",
      "\n",
      "0.2894815227477546\n",
      "[[564.2337   1.8562   1.196 ]\n",
      " [  1.8562 638.4187  -2.1801]\n",
      " [  1.196   -2.1801 497.5769]]\n",
      "\n",
      "\n",
      "0.28191752603035714\n",
      "[[561.7904   1.8108   1.2298]\n",
      " [  1.8108 635.7042  -2.1328]\n",
      " [  1.2298  -2.1328 496.2214]]\n",
      "\n",
      "\n",
      "0.28784402461410985\n",
      "[[560.6549   1.8551   1.2478]\n",
      " [  1.8551 634.4975  -2.0919]\n",
      " [  1.2478  -2.0919 493.2867]]\n",
      "\n",
      "\n",
      "0.283836762460993\n",
      "[[559.9037   1.8303   1.2323]\n",
      " [  1.8303 635.0463  -2.0225]\n",
      " [  1.2323  -2.0225 493.9608]]\n",
      "\n",
      "\n",
      "0.2932396987311106\n",
      "[[559.9369   1.9029   1.1788]\n",
      " [  1.9029 632.61    -2.0251]\n",
      " [  1.1788  -2.0251 497.2508]]\n",
      "\n",
      "\n",
      "0.29625971666581896\n",
      "[[556.9117   1.9178   1.1384]\n",
      " [  1.9178 632.675   -2.0316]\n",
      " [  1.1384  -2.0316 496.4161]]\n",
      "\n",
      "\n",
      "0.29160026217075885\n",
      "[[556.0492   1.8561   1.1787]\n",
      " [  1.8561 632.3087  -1.9143]\n",
      " [  1.1787  -1.9143 495.0897]]\n",
      "\n",
      "\n",
      "0.288979924759636\n",
      "[[558.8518   1.8331   1.179 ]\n",
      " [  1.8331 635.1702  -1.9061]\n",
      " [  1.179   -1.9061 496.4815]]\n",
      "\n",
      "\n",
      "0.28804071483171967\n",
      "[[560.1066   1.8209   1.1427]\n",
      " [  1.8209 633.4378  -1.9997]\n",
      " [  1.1427  -1.9997 496.5018]]\n",
      "\n",
      "\n",
      "0.2989860916741949\n",
      "[[562.046    1.8956   1.1269]\n",
      " [  1.8956 631.8553  -2.0587]\n",
      " [  1.1269  -2.0587 494.3328]]\n",
      "\n",
      "\n",
      "0.3030602469617667\n",
      "[[560.7768   1.9414   1.1621]\n",
      " [  1.9414 632.8255  -2.019 ]\n",
      " [  1.1621  -2.019  496.5778]]\n",
      "\n",
      "\n",
      "0.2894415715241735\n",
      "[[560.8084   1.9244   1.2042]\n",
      " [  1.9244 633.024   -1.965 ]\n",
      " [  1.2042  -1.965  495.4501]]\n",
      "\n",
      "\n",
      "0.28844513935431476\n",
      "[[560.9308   1.944    1.2268]\n",
      " [  1.944  634.2287  -1.918 ]\n",
      " [  1.2268  -1.918  494.6354]]\n",
      "\n",
      "\n",
      "0.29650378413107437\n",
      "[[562.0926   1.8996   1.2106]\n",
      " [  1.8996 635.6658  -1.8521]\n",
      " [  1.2106  -1.8521 494.3274]]\n",
      "\n",
      "\n",
      "0.28316938995171154\n",
      "[[562.4231   1.9532   1.1741]\n",
      " [  1.9532 634.6587  -1.8385]\n",
      " [  1.1741  -1.8385 498.3288]]\n",
      "\n",
      "\n",
      "0.2975783081142142\n",
      "[[559.8101   1.9118   1.1739]\n",
      " [  1.9118 637.7033  -1.7657]\n",
      " [  1.1739  -1.7657 498.5074]]\n",
      "\n",
      "\n",
      "0.2897043634061523\n",
      "[[562.2771   1.8827   1.1394]\n",
      " [  1.8827 634.7112  -1.8548]\n",
      " [  1.1394  -1.8548 497.8647]]\n",
      "\n",
      "\n",
      "0.29945497591630804\n",
      "[[562.2831   1.8881   1.111 ]\n",
      " [  1.8881 637.5992  -1.8685]\n",
      " [  1.111   -1.8685 498.9185]]\n",
      "\n",
      "\n",
      "0.29768030480636465\n",
      "[[562.3428   1.9387   1.0917]\n",
      " [  1.9387 638.2818  -1.8169]\n",
      " [  1.0917  -1.8169 499.9938]]\n",
      "\n",
      "\n",
      "0.28635053359871276\n",
      "[[562.6008   1.9394   1.1302]\n",
      " [  1.9394 636.8627  -1.8218]\n",
      " [  1.1302  -1.8218 498.8689]]\n",
      "\n",
      "\n",
      "0.2971695866336418\n",
      "[[562.167    2.0101   1.1298]\n",
      " [  2.0101 640.9798  -1.7544]\n",
      " [  1.1298  -1.7544 499.6892]]\n",
      "\n",
      "\n",
      "0.29735030562112663\n",
      "[[564.5209   2.0607   1.2059]\n",
      " [  2.0607 639.786   -1.7159]\n",
      " [  1.2059  -1.7159 500.1061]]\n",
      "\n",
      "\n",
      "0.2837844263807888\n",
      "[[563.2046   2.1156   1.1581]\n",
      " [  2.1156 634.2306  -1.7604]\n",
      " [  1.1581  -1.7604 498.9349]]\n",
      "\n",
      "\n",
      "0.286924461399403\n",
      "[[558.9695   2.1331   1.1196]\n",
      " [  2.1331 634.7225  -1.7811]\n",
      " [  1.1196  -1.7811 499.4906]]\n",
      "\n",
      "\n",
      "0.2937442684041514\n",
      "[[560.5156   2.1519   1.1764]\n",
      " [  2.1519 634.671   -1.7704]\n",
      " [  1.1764  -1.7704 499.6825]]\n",
      "\n",
      "\n",
      "0.29290526190266564\n",
      "[[562.4335   2.1814   1.1634]\n",
      " [  2.1814 636.4079  -1.7523]\n",
      " [  1.1634  -1.7523 499.1689]]\n",
      "\n",
      "\n",
      "0.27723632004392135\n",
      "[[562.3867   2.1259   1.1846]\n",
      " [  2.1259 635.5118  -1.7851]\n",
      " [  1.1846  -1.7851 498.6385]]\n",
      "\n",
      "\n",
      "0.3006257042392069\n",
      "[[560.1424   2.1146   1.1439]\n",
      " [  2.1146 636.4886  -1.8245]\n",
      " [  1.1439  -1.8245 498.9684]]\n",
      "\n",
      "\n",
      "0.2856925828286151\n",
      "[[558.3334   2.1316   1.0315]\n",
      " [  2.1316 633.1225  -1.7709]\n",
      " [  1.0315  -1.7709 500.3659]]\n",
      "\n",
      "\n",
      "0.3012161137378629\n",
      "[[559.6443   2.1541   1.0488]\n",
      " [  2.1541 632.8473  -1.7462]\n",
      " [  1.0488  -1.7462 499.5553]]\n",
      "\n",
      "\n",
      "0.29347213304389164\n",
      "[[558.3655   2.1741   1.0584]\n",
      " [  2.1741 632.7625  -1.7701]\n",
      " [  1.0584  -1.7701 500.5174]]\n",
      "\n",
      "\n",
      "0.30049746582163245\n",
      "[[554.7926   2.1384   1.0076]\n",
      " [  2.1384 632.7401  -1.8286]\n",
      " [  1.0076  -1.8286 499.8263]]\n",
      "\n",
      "\n",
      "0.28791886815158635\n",
      "[[553.67     2.1601   1.0254]\n",
      " [  2.1601 634.0138  -1.8399]\n",
      " [  1.0254  -1.8399 499.8626]]\n",
      "\n",
      "\n",
      "0.29846253401694106\n",
      "[[557.2084   2.1675   1.056 ]\n",
      " [  2.1675 634.903   -1.7937]\n",
      " [  1.056   -1.7937 502.2398]]\n",
      "\n",
      "\n",
      "0.30732593645918677\n",
      "[[555.4777   2.1689   1.0017]\n",
      " [  2.1689 634.3405  -1.7458]\n",
      " [  1.0017  -1.7458 499.9496]]\n",
      "\n",
      "\n",
      "0.2792300601311846\n",
      "[[556.9424   2.1559   0.9962]\n",
      " [  2.1559 632.853   -1.7472]\n",
      " [  0.9962  -1.7472 499.7218]]\n",
      "\n",
      "\n",
      "0.2885402061721855\n",
      "[[557.0071   2.2115   1.0104]\n",
      " [  2.2115 630.6355  -1.7352]\n",
      " [  1.0104  -1.7352 495.5342]]\n",
      "\n",
      "\n",
      "0.27877831532375574\n",
      "[[557.8506   2.2452   1.0289]\n",
      " [  2.2452 632.4493  -1.8093]\n",
      " [  1.0289  -1.8093 499.1849]]\n",
      "\n",
      "\n",
      "0.31082578376868286\n",
      "[[553.8634   2.208    1.0414]\n",
      " [  2.208  631.347   -1.8193]\n",
      " [  1.0414  -1.8193 495.1145]]\n",
      "\n",
      "\n",
      "0.2953870839183748\n",
      "[[553.3458   2.1798   0.9639]\n",
      " [  2.1798 629.0972  -1.7797]\n",
      " [  0.9639  -1.7797 495.8816]]\n",
      "\n",
      "\n",
      "0.2898307177846509\n",
      "[[553.3079   2.1518   1.0192]\n",
      " [  2.1518 630.2058  -1.7605]\n",
      " [  1.0192  -1.7605 498.6842]]\n",
      "\n",
      "\n",
      "0.29117164432097575\n",
      "[[557.9569   2.0951   1.0714]\n",
      " [  2.0951 626.573   -1.7704]\n",
      " [  1.0714  -1.7704 498.1724]]\n",
      "\n",
      "\n",
      "0.30455043551281474\n",
      "[[559.0975   2.076    1.028 ]\n",
      " [  2.076  625.6844  -1.7967]\n",
      " [  1.028   -1.7967 499.0852]]\n",
      "\n",
      "\n",
      "0.30020863054326197\n",
      "[[556.2644   2.0132   1.0876]\n",
      " [  2.0132 624.9179  -1.89  ]\n",
      " [  1.0876  -1.89   494.98  ]]\n",
      "\n",
      "\n",
      "0.2774263388103871\n",
      "[[556.7854   1.9919   1.0677]\n",
      " [  1.9919 626.7783  -1.9645]\n",
      " [  1.0677  -1.9645 496.861 ]]\n",
      "\n",
      "\n",
      "0.2890776426951691\n",
      "[[552.1437   2.0946   1.1266]\n",
      " [  2.0946 628.4907  -1.968 ]\n",
      " [  1.1266  -1.968  499.2967]]\n",
      "\n",
      "\n",
      "0.2927521612740283\n",
      "[[548.2907   2.1337   1.1311]\n",
      " [  2.1337 630.405   -1.9314]\n",
      " [  1.1311  -1.9314 497.1586]]\n",
      "\n",
      "\n",
      "0.2773617545423536\n",
      "[[551.5016   2.0644   1.127 ]\n",
      " [  2.0644 629.0892  -1.8463]\n",
      " [  1.127   -1.8463 496.4213]]\n",
      "\n",
      "\n"
     ]
    },
    {
     "name": "stdout",
     "output_type": "stream",
     "text": [
      "0.2983237236262459\n",
      "[[552.6221   1.9874   1.1131]\n",
      " [  1.9874 627.189   -1.8863]\n",
      " [  1.1131  -1.8863 493.665 ]]\n",
      "\n",
      "\n",
      "0.2868321394777936\n",
      "[[551.3666   2.0645   1.0546]\n",
      " [  2.0645 627.5622  -1.8192]\n",
      " [  1.0546  -1.8192 493.0667]]\n",
      "\n",
      "\n",
      "0.2975280949895731\n",
      "[[552.3127   2.0228   1.089 ]\n",
      " [  2.0228 631.7741  -1.9068]\n",
      " [  1.089   -1.9068 494.445 ]]\n",
      "\n",
      "\n",
      "0.3022970673644307\n",
      "[[553.5751   2.0426   1.1455]\n",
      " [  2.0426 627.9641  -1.8805]\n",
      " [  1.1455  -1.8805 494.0431]]\n",
      "\n",
      "\n",
      "0.2929845038780051\n",
      "[[554.7496   2.0709   1.1754]\n",
      " [  2.0709 627.6283  -1.7885]\n",
      " [  1.1754  -1.7885 493.5643]]\n",
      "\n",
      "\n",
      "0.31462389643590166\n",
      "[[553.3295   2.1242   1.1802]\n",
      " [  2.1242 628.7741  -1.7219]\n",
      " [  1.1802  -1.7219 494.5012]]\n",
      "\n",
      "\n",
      "0.2959485937473808\n",
      "[[556.4013   2.1272   1.2784]\n",
      " [  2.1272 631.8217  -1.7225]\n",
      " [  1.2784  -1.7225 493.2114]]\n",
      "\n",
      "\n",
      "0.27909443530783734\n",
      "[[554.9983   2.122    1.2217]\n",
      " [  2.122  632.2483  -1.7988]\n",
      " [  1.2217  -1.7988 494.5821]]\n",
      "\n",
      "\n",
      "0.2841939200900195\n",
      "[[557.1929   2.1666   1.1653]\n",
      " [  2.1666 632.5961  -1.7663]\n",
      " [  1.1653  -1.7663 494.381 ]]\n",
      "\n",
      "\n",
      "0.2919968013188289\n",
      "[[554.3514   2.1117   1.1153]\n",
      " [  2.1117 630.1683  -1.8212]\n",
      " [  1.1153  -1.8212 496.5901]]\n",
      "\n",
      "\n",
      "0.28976330261028926\n",
      "[[554.1472   2.0612   1.1225]\n",
      " [  2.0612 627.9019  -1.8165]\n",
      " [  1.1225  -1.8165 494.0192]]\n",
      "\n",
      "\n",
      "0.28311121648217324\n",
      "[[555.5921   2.1452   1.1011]\n",
      " [  2.1452 630.1041  -1.7993]\n",
      " [  1.1011  -1.7993 496.3101]]\n",
      "\n",
      "\n",
      "0.28154724814982285\n",
      "[[557.7809   2.2688   1.0949]\n",
      " [  2.2688 626.3661  -1.8158]\n",
      " [  1.0949  -1.8158 493.6486]]\n",
      "\n",
      "\n",
      "0.2967063573507235\n",
      "[[558.7985   2.2268   0.9984]\n",
      " [  2.2268 631.8229  -1.7569]\n",
      " [  0.9984  -1.7569 493.9978]]\n",
      "\n",
      "\n",
      "0.3042365584565741\n",
      "[[559.1394   2.199    1.0049]\n",
      " [  2.199  634.0801  -1.8188]\n",
      " [  1.0049  -1.8188 493.7871]]\n",
      "\n",
      "\n",
      "0.2760542637718508\n",
      "[[557.9438   2.1999   1.0885]\n",
      " [  2.1999 635.0732  -1.7678]\n",
      " [  1.0885  -1.7678 494.623 ]]\n",
      "\n",
      "\n",
      "0.3027257484593415\n",
      "[[557.7579   2.149    1.0621]\n",
      " [  2.149  635.3072  -1.8579]\n",
      " [  1.0621  -1.8579 492.7147]]\n",
      "\n",
      "\n",
      "0.2843383372473383\n",
      "[[556.717    2.0713   1.0094]\n",
      " [  2.0713 634.6581  -1.7842]\n",
      " [  1.0094  -1.7842 490.5491]]\n",
      "\n",
      "\n",
      "0.2930247662856604\n",
      "[[553.4526   2.0543   1.0318]\n",
      " [  2.0543 633.8352  -1.8783]\n",
      " [  1.0318  -1.8783 492.9799]]\n",
      "\n",
      "\n",
      "0.2778800419373944\n",
      "[[557.1837   1.9794   1.0397]\n",
      " [  1.9794 630.3635  -1.8856]\n",
      " [  1.0397  -1.8856 494.0432]]\n",
      "\n",
      "\n",
      "0.2857848252846052\n",
      "[[556.7153   1.9088   0.9902]\n",
      " [  1.9088 630.6336  -1.8571]\n",
      " [  0.9902  -1.8571 493.0754]]\n",
      "\n",
      "\n",
      "0.2916089392200339\n",
      "[[554.4427   1.9064   0.9311]\n",
      " [  1.9064 628.9781  -1.7814]\n",
      " [  0.9311  -1.7814 493.4776]]\n",
      "\n",
      "\n",
      "0.2910164921093326\n",
      "[[552.743    1.9894   0.9433]\n",
      " [  1.9894 627.5885  -1.8354]\n",
      " [  0.9433  -1.8354 492.9049]]\n",
      "\n",
      "\n",
      "0.28925690102895774\n",
      "[[555.9614   2.0652   0.9402]\n",
      " [  2.0652 622.2819  -1.8816]\n",
      " [  0.9402  -1.8816 495.0361]]\n",
      "\n",
      "\n",
      "0.2987317806842488\n",
      "[[552.927    2.0655   0.9279]\n",
      " [  2.0655 623.8354  -1.9055]\n",
      " [  0.9279  -1.9055 496.8081]]\n",
      "\n",
      "\n",
      "0.2933047341988349\n",
      "[[551.6756   1.9828   0.9187]\n",
      " [  1.9828 623.6254  -1.872 ]\n",
      " [  0.9187  -1.872  498.627 ]]\n",
      "\n",
      "\n",
      "0.29208675285743957\n",
      "[[552.7369   1.9779   0.9572]\n",
      " [  1.9779 622.2277  -1.841 ]\n",
      " [  0.9572  -1.841  493.194 ]]\n",
      "\n",
      "\n",
      "0.29077953796751077\n",
      "[[556.5149   1.9728   0.9225]\n",
      " [  1.9728 621.419   -1.8444]\n",
      " [  0.9225  -1.8444 495.8699]]\n",
      "\n",
      "\n",
      "0.2929485261783732\n",
      "[[555.7991   2.0622   0.9861]\n",
      " [  2.0622 621.519   -1.874 ]\n",
      " [  0.9861  -1.874  497.41  ]]\n",
      "\n",
      "\n",
      "0.27510816936962973\n",
      "[[556.9582   2.0277   1.063 ]\n",
      " [  2.0277 626.6811  -1.9178]\n",
      " [  1.063   -1.9178 496.9442]]\n",
      "\n",
      "\n",
      "0.2901273432038385\n",
      "[[555.2127   1.9389   1.129 ]\n",
      " [  1.9389 628.0109  -1.9886]\n",
      " [  1.129   -1.9886 497.1959]]\n",
      "\n",
      "\n",
      "0.28496594667812614\n",
      "[[553.3558   1.88     1.1391]\n",
      " [  1.88   627.2769  -1.997 ]\n",
      " [  1.1391  -1.997  498.4787]]\n",
      "\n",
      "\n",
      "0.2883558401328325\n",
      "[[551.528    1.8491   1.2208]\n",
      " [  1.8491 633.8586  -1.9453]\n",
      " [  1.2208  -1.9453 497.2057]]\n",
      "\n",
      "\n",
      "0.3072126605519941\n",
      "[[550.5151   1.82     1.2502]\n",
      " [  1.82   634.0496  -1.8887]\n",
      " [  1.2502  -1.8887 493.9134]]\n",
      "\n",
      "\n",
      "0.30212815905781554\n",
      "[[551.803    1.7859   1.2619]\n",
      " [  1.7859 631.1235  -1.8982]\n",
      " [  1.2619  -1.8982 494.0096]]\n",
      "\n",
      "\n",
      "0.28354689921074155\n",
      "[[550.51     1.7933   1.2328]\n",
      " [  1.7933 630.1736  -1.9228]\n",
      " [  1.2328  -1.9228 492.7853]]\n",
      "\n",
      "\n",
      "0.2892326515456434\n",
      "[[552.0052   1.8212   1.2603]\n",
      " [  1.8212 626.835   -2.0242]\n",
      " [  1.2603  -2.0242 491.3652]]\n",
      "\n",
      "\n",
      "0.29781782408448215\n",
      "[[549.826    1.8553   1.3243]\n",
      " [  1.8553 628.692   -2.0994]\n",
      " [  1.3243  -2.0994 493.5598]]\n",
      "\n",
      "\n",
      "0.29188485680464\n",
      "[[554.0626   1.9547   1.3656]\n",
      " [  1.9547 631.6673  -2.0982]\n",
      " [  1.3656  -2.0982 492.7807]]\n",
      "\n",
      "\n",
      "0.29657145963843734\n",
      "[[557.0039   1.9183   1.3893]\n",
      " [  1.9183 635.5635  -2.1988]\n",
      " [  1.3893  -2.1988 490.0376]]\n",
      "\n",
      "\n",
      "0.29596133387549534\n",
      "[[557.5974   1.8511   1.4845]\n",
      " [  1.8511 635.4254  -2.2075]\n",
      " [  1.4845  -2.2075 487.3647]]\n",
      "\n",
      "\n",
      "0.29547628678312726\n",
      "[[557.4656   1.8493   1.457 ]\n",
      " [  1.8493 631.7206  -2.1589]\n",
      " [  1.457   -2.1589 486.2751]]\n",
      "\n",
      "\n",
      "0.2929602187238269\n",
      "[[554.1818   1.7865   1.4848]\n",
      " [  1.7865 631.053   -2.1495]\n",
      " [  1.4848  -2.1495 487.7257]]\n",
      "\n",
      "\n",
      "0.2899034301828282\n",
      "[[548.6278   1.7815   1.4636]\n",
      " [  1.7815 627.136   -2.0687]\n",
      " [  1.4636  -2.0687 487.4   ]]\n",
      "\n",
      "\n",
      "0.2933898746526035\n",
      "[[549.8299   1.7143   1.4177]\n",
      " [  1.7143 625.8995  -2.0186]\n",
      " [  1.4177  -2.0186 489.3771]]\n",
      "\n",
      "\n",
      "0.2808647305936283\n",
      "[[552.8028   1.7369   1.4079]\n",
      " [  1.7369 625.1143  -2.0659]\n",
      " [  1.4079  -2.0659 489.626 ]]\n",
      "\n",
      "\n",
      "0.2879565072840942\n",
      "[[554.7395   1.7417   1.4247]\n",
      " [  1.7417 626.7499  -2.0313]\n",
      " [  1.4247  -2.0313 488.1352]]\n",
      "\n",
      "\n",
      "0.28832381889334374\n",
      "[[557.2866   1.7136   1.3879]\n",
      " [  1.7136 629.3321  -1.9634]\n",
      " [  1.3879  -1.9634 491.891 ]]\n",
      "\n",
      "\n",
      "0.29395576888526875\n",
      "[[554.799    1.7448   1.3591]\n",
      " [  1.7448 627.6992  -1.9168]\n",
      " [  1.3591  -1.9168 494.13  ]]\n",
      "\n",
      "\n",
      "0.2865840086413703\n",
      "[[553.2274   1.7418   1.3725]\n",
      " [  1.7418 627.0275  -1.9122]\n",
      " [  1.3725  -1.9122 489.9007]]\n",
      "\n",
      "\n",
      "0.2946113885369866\n",
      "[[552.2185   1.7476   1.376 ]\n",
      " [  1.7476 625.9469  -1.9219]\n",
      " [  1.376   -1.9219 491.5809]]\n",
      "\n",
      "\n",
      "0.3070444177110133\n",
      "[[555.2496   1.7813   1.4024]\n",
      " [  1.7813 626.9696  -1.8681]\n",
      " [  1.4024  -1.8681 492.4049]]\n",
      "\n",
      "\n",
      "0.2966552108344779\n",
      "[[553.7748   1.7041   1.4075]\n",
      " [  1.7041 624.9378  -1.8976]\n",
      " [  1.4075  -1.8976 491.5295]]\n",
      "\n",
      "\n",
      "0.29150886248340413\n",
      "[[555.7825   1.7442   1.3988]\n",
      " [  1.7442 626.4697  -1.9113]\n",
      " [  1.3988  -1.9113 491.9188]]\n",
      "\n",
      "\n",
      "0.29562940812283217\n",
      "[[551.5469   1.7212   1.3594]\n",
      " [  1.7212 627.6078  -1.9726]\n",
      " [  1.3594  -1.9726 493.0393]]\n",
      "\n",
      "\n",
      "0.29120014376417463\n",
      "[[552.1876   1.664    1.3819]\n",
      " [  1.664  625.4587  -1.9828]\n",
      " [  1.3819  -1.9828 490.4126]]\n",
      "\n",
      "\n",
      "0.2860200398308829\n",
      "[[550.8828   1.6749   1.3806]\n",
      " [  1.6749 623.1498  -1.9276]\n",
      " [  1.3806  -1.9276 491.2504]]\n",
      "\n",
      "\n",
      "0.2975778461003555\n",
      "[[549.6868   1.6945   1.3549]\n",
      " [  1.6945 625.7835  -1.8934]\n",
      " [  1.3549  -1.8934 488.4564]]\n",
      "\n",
      "\n",
      "0.29818352440110824\n",
      "[[548.5239   1.7049   1.312 ]\n",
      " [  1.7049 626.0984  -1.8804]\n",
      " [  1.312   -1.8804 488.8662]]\n",
      "\n",
      "\n",
      "0.29721354116228865\n",
      "[[551.7627   1.651    1.4172]\n",
      " [  1.651  624.7977  -1.8066]\n",
      " [  1.4172  -1.8066 489.2795]]\n",
      "\n",
      "\n",
      "0.29267772380624707\n",
      "[[553.1501   1.6794   1.3799]\n",
      " [  1.6794 626.1538  -1.8969]\n",
      " [  1.3799  -1.8969 489.3368]]\n",
      "\n",
      "\n",
      "0.3097048737974068\n",
      "[[555.6283   1.7296   1.4903]\n",
      " [  1.7296 625.1239  -1.8983]\n",
      " [  1.4903  -1.8983 491.0867]]\n",
      "\n",
      "\n",
      "0.3002334938664504\n",
      "[[552.9042   1.7769   1.4053]\n",
      " [  1.7769 627.0643  -1.8829]\n",
      " [  1.4053  -1.8829 491.8643]]\n",
      "\n",
      "\n",
      "0.3072353452490875\n",
      "[[553.3256   1.7946   1.5162]\n",
      " [  1.7946 627.3787  -1.8981]\n",
      " [  1.5162  -1.8981 491.5409]]\n",
      "\n",
      "\n",
      "0.30734545348900205\n",
      "[[551.6354   1.7595   1.4656]\n",
      " [  1.7595 626.4883  -1.8535]\n",
      " [  1.4656  -1.8535 490.9633]]\n",
      "\n",
      "\n",
      "0.28609876079840835\n",
      "[[552.3728   1.7261   1.5519]\n",
      " [  1.7261 629.5654  -1.9507]\n",
      " [  1.5519  -1.9507 492.2192]]\n",
      "\n",
      "\n",
      "0.3175246677249592\n",
      "[[552.1589   1.7453   1.5347]\n",
      " [  1.7453 625.6978  -1.9952]\n",
      " [  1.5347  -1.9952 491.5331]]\n",
      "\n",
      "\n",
      "0.2904115294404941\n",
      "[[551.8457   1.6665   1.5766]\n",
      " [  1.6665 624.1911  -1.9608]\n",
      " [  1.5766  -1.9608 492.1271]]\n",
      "\n",
      "\n",
      "0.29706396259061807\n",
      "[[551.7138   1.6593   1.5998]\n",
      " [  1.6593 623.5607  -2.0071]\n",
      " [  1.5998  -2.0071 491.8398]]\n",
      "\n",
      "\n",
      "0.29696394729661624\n",
      "[[555.8646   1.7495   1.6047]\n",
      " [  1.7495 618.7554  -1.9817]\n",
      " [  1.6047  -1.9817 495.9628]]\n",
      "\n",
      "\n",
      "0.2922258830920486\n",
      "[[552.4526   1.763    1.5188]\n",
      " [  1.763  623.2051  -2.0551]\n",
      " [  1.5188  -2.0551 493.2943]]\n",
      "\n",
      "\n",
      "0.28500984209987335\n",
      "[[553.1111   1.7104   1.5554]\n",
      " [  1.7104 624.445   -2.0827]\n",
      " [  1.5554  -2.0827 490.5957]]\n",
      "\n",
      "\n",
      "0.29089762879818154\n",
      "[[552.8582   1.7633   1.4906]\n",
      " [  1.7633 626.9583  -2.1846]\n",
      " [  1.4906  -2.1846 489.2554]]\n",
      "\n",
      "\n"
     ]
    },
    {
     "name": "stdout",
     "output_type": "stream",
     "text": [
      "0.3032644613493716\n",
      "[[548.8285   1.68     1.4765]\n",
      " [  1.68   627.4185  -2.2165]\n",
      " [  1.4765  -2.2165 489.1019]]\n",
      "\n",
      "\n",
      "0.29579447795522024\n",
      "[[552.2952   1.6512   1.5349]\n",
      " [  1.6512 624.9578  -2.1894]\n",
      " [  1.5349  -2.1894 490.4199]]\n",
      "\n",
      "\n",
      "0.2855165800359946\n",
      "[[552.4315   1.6315   1.5334]\n",
      " [  1.6315 624.2543  -2.2877]\n",
      " [  1.5334  -2.2877 492.1851]]\n",
      "\n",
      "\n",
      "0.2954212862641723\n",
      "[[552.2671   1.6334   1.5079]\n",
      " [  1.6334 626.0647  -2.1453]\n",
      " [  1.5079  -2.1453 492.0067]]\n",
      "\n",
      "\n",
      "0.30014197264471437\n",
      "[[550.3621   1.6795   1.4911]\n",
      " [  1.6795 626.7034  -2.1205]\n",
      " [  1.4911  -2.1205 490.0865]]\n",
      "\n",
      "\n",
      "0.28813214861868486\n",
      "[[550.2532   1.6822   1.5218]\n",
      " [  1.6822 624.2568  -1.9999]\n",
      " [  1.5218  -1.9999 491.8298]]\n",
      "\n",
      "\n",
      "0.30578684521932803\n",
      "[[547.2062   1.7287   1.4755]\n",
      " [  1.7287 627.2968  -2.071 ]\n",
      " [  1.4755  -2.071  492.5341]]\n",
      "\n",
      "\n",
      "0.29493293367688955\n",
      "[[548.3999   1.7519   1.4218]\n",
      " [  1.7519 627.2766  -2.0811]\n",
      " [  1.4218  -2.0811 492.317 ]]\n",
      "\n",
      "\n",
      "0.3006383218964918\n",
      "[[551.9008   1.7655   1.39  ]\n",
      " [  1.7655 629.4294  -2.0697]\n",
      " [  1.39    -2.0697 493.1987]]\n",
      "\n",
      "\n",
      "0.2927092753425832\n",
      "[[549.4      1.7113   1.3701]\n",
      " [  1.7113 627.6228  -2.1007]\n",
      " [  1.3701  -2.1007 493.0627]]\n",
      "\n",
      "\n",
      "0.2962634295050743\n",
      "[[550.1205   1.7599   1.3871]\n",
      " [  1.7599 628.4377  -2.0413]\n",
      " [  1.3871  -2.0413 493.0815]]\n",
      "\n",
      "\n",
      "0.2807912863605322\n",
      "[[554.5357   1.7316   1.4184]\n",
      " [  1.7316 624.7945  -2.0477]\n",
      " [  1.4184  -2.0477 493.0064]]\n",
      "\n",
      "\n",
      "0.29544568806638316\n",
      "[[554.1246   1.7703   1.4219]\n",
      " [  1.7703 628.0712  -1.9692]\n",
      " [  1.4219  -1.9692 493.9263]]\n",
      "\n",
      "\n",
      "0.29873804443582586\n",
      "[[549.4314   1.7732   1.4696]\n",
      " [  1.7732 623.8022  -1.8616]\n",
      " [  1.4696  -1.8616 493.2899]]\n",
      "\n",
      "\n",
      "0.28370656137292205\n",
      "[[548.3274   1.7145   1.4668]\n",
      " [  1.7145 625.9165  -1.8597]\n",
      " [  1.4668  -1.8597 491.5462]]\n",
      "\n",
      "\n",
      "0.2947849822059107\n",
      "[[548.7362   1.6767   1.453 ]\n",
      " [  1.6767 622.5738  -1.8283]\n",
      " [  1.453   -1.8283 493.4448]]\n",
      "\n",
      "\n",
      "0.2959973699879129\n",
      "[[551.5325   1.6186   1.43  ]\n",
      " [  1.6186 621.5335  -1.8751]\n",
      " [  1.43    -1.8751 494.5062]]\n",
      "\n",
      "\n",
      "0.29345297406803517\n",
      "[[550.9701   1.6209   1.3831]\n",
      " [  1.6209 621.7689  -1.8858]\n",
      " [  1.3831  -1.8858 492.5936]]\n",
      "\n",
      "\n",
      "0.28945959552361605\n",
      "[[552.0834   1.6779   1.3295]\n",
      " [  1.6779 619.6712  -1.9316]\n",
      " [  1.3295  -1.9316 491.2772]]\n",
      "\n",
      "\n",
      "0.2923588592475689\n",
      "[[550.6124   1.6461   1.365 ]\n",
      " [  1.6461 620.0044  -1.9529]\n",
      " [  1.365   -1.9529 488.2279]]\n",
      "\n",
      "\n",
      "0.28293447745478606\n",
      "[[552.5034   1.7312   1.3206]\n",
      " [  1.7312 619.6673  -1.8455]\n",
      " [  1.3206  -1.8455 486.0322]]\n",
      "\n",
      "\n",
      "0.28947289107183777\n",
      "[[553.7089   1.719    1.2469]\n",
      " [  1.719  617.1626  -1.881 ]\n",
      " [  1.2469  -1.881  488.0075]]\n",
      "\n",
      "\n",
      "0.29075198182644946\n",
      "[[550.8937   1.7713   1.1998]\n",
      " [  1.7713 619.8723  -1.8519]\n",
      " [  1.1998  -1.8519 489.1323]]\n",
      "\n",
      "\n",
      "0.28730812081546897\n",
      "[[548.2962   1.7313   1.2122]\n",
      " [  1.7313 618.8325  -1.8603]\n",
      " [  1.2122  -1.8603 487.4606]]\n",
      "\n",
      "\n",
      "0.2962111516540896\n",
      "[[550.0111   1.7929   1.333 ]\n",
      " [  1.7929 619.8713  -1.8717]\n",
      " [  1.333   -1.8717 490.4512]]\n",
      "\n",
      "\n",
      "0.28569450013725967\n",
      "[[551.0185   1.8385   1.2317]\n",
      " [  1.8385 620.5204  -1.8077]\n",
      " [  1.2317  -1.8077 490.769 ]]\n",
      "\n",
      "\n",
      "0.2857361446633843\n",
      "[[551.3256   1.8081   1.1896]\n",
      " [  1.8081 624.8041  -1.8695]\n",
      " [  1.1896  -1.8695 493.7215]]\n",
      "\n",
      "\n",
      "0.2935060582748406\n",
