{
 "cells": [
  {
   "cell_type": "code",
   "execution_count": 1,
   "metadata": {},
   "outputs": [],
   "source": [
    "import tensorflow as tf\n",
    "from flows import NormalRW, DFlow, ResFlow, NVPFlow, phase, Normal, floatX, MVNormal, MVNormalRW, Linear, CFlow, LinearChol\n",
    "import numpy as np\n",
    "import pandas as pd\n",
    "from matplotlib import pyplot as plt\n",
    "import seaborn as sns\n",
    "from tensorflow.contrib.distributions import WishartCholesky\n",
    "\n",
    "np.random.seed(1234)"
   ]
  },
  {
   "cell_type": "code",
   "execution_count": 2,
   "metadata": {},
   "outputs": [],
   "source": [
    "data = pd.read_csv('./data/test_rus_data.csv').values.astype(floatX).T[np.newaxis][:,2:]/100"
   ]
  },
  {
   "cell_type": "code",
   "execution_count": 3,
   "metadata": {},
   "outputs": [
    {
     "name": "stdout",
     "output_type": "stream",
     "text": [
      "[0.21742282 0.16835931 0.01139835]\n"
     ]
    }
   ],
   "source": [
    "stds = (data[0,1:] - data[0,:-1]).std(axis=0)\n",
    "print(stds)\n",
    "data /= stds"
   ]
  },
  {
   "cell_type": "code",
   "execution_count": 4,
   "metadata": {},
   "outputs": [],
   "source": [
    "xs = data"
   ]
  },
  {
   "cell_type": "code",
   "execution_count": 5,
   "metadata": {},
   "outputs": [],
   "source": [
    "n = data.shape[1]\n",
    "s1 = 0.01\n",
    "s0 = 2.\n",
    "dim = [3,4]\n",
    "\n",
    "k = dim[0] * dim[1]\n",
    "with tf.variable_scope('pwalk_inf', reuse=tf.AUTO_REUSE):\n",
    "    lowerd = DFlow([NVPFlow(dim=k*(k-1)//2 + k, name='lowerd_flow_' + str(i)) for i in range(2)])\n",
    "    ldiag = DFlow([NVPFlow(dim=k, name='ldiag_flow_' + str(i)) for i in range(4)])\n",
    "PWalk = MVNormalRW(dim[0]*dim[1], sigma=s1, sigma0=s0, name='param_walk_prior', \n",
    "                   lowerd=lowerd.output[0], ldiag=ldiag.output[0]+np.log(1/s1))\n",
    "# PWalk = MVNormalRW(dim[0]*dim[1], sigma=s1, sigma0=s0, name='param_walk_prior')"
   ]
  },
  {
   "cell_type": "code",
   "execution_count": 6,
   "metadata": {},
   "outputs": [],
   "source": [
    "def autoregr_tf(X, param):\n",
    "    d = param[:,:dim[-1]-1]\n",
    "    X = tf.matmul(X, d) + param[:,-1][np.newaxis]\n",
    "    return X"
   ]
  },
  {
   "cell_type": "code",
   "execution_count": 7,
   "metadata": {},
   "outputs": [],
   "source": [
    "def create_step_flow(name=None, prev_flow_output=None, init_sigma=1.):\n",
    "    with tf.variable_scope(name, reuse=False):\n",
    "        \n",
    "        if prev_flow_output is not None:\n",
    "            aux_vars = prev_flow_output\n",
    "        else:\n",
    "            aux_vars = None\n",
    "            \n",
    "        step_flow = DFlow([LinearChol(dim=dim[0]*dim[1], name='lc', aux_vars=aux_vars)], \n",
    "                          init_sigma=init_sigma)\n",
    "    return step_flow"
   ]
  },
  {
   "cell_type": "code",
   "execution_count": 8,
   "metadata": {},
   "outputs": [],
   "source": [
    "flows = [create_step_flow('step_flow0', init_sigma=s0)]\n",
    "outputs = [flows[-1].output]\n",
    "for i in range(n-1):\n",
    "    if i >= 1:\n",
    "        aux = tf.concat([outputs[-1], outputs[-2]], 1)\n",
    "#     elif i>= 2:\n",
    "#         aux = tf.concat([outputs[-1], outputs[-2], outputs[-3]], 1)\n",
    "    else:\n",
    "        aux = outputs[-1]\n",
    "    new = create_step_flow('step_flow' + str(i+1), aux, init_sigma=s1)\n",
    "    flows.append(new)\n",
    "    outputs.append(outputs[-1] + new.output)"
   ]
  },
  {
   "cell_type": "code",
   "execution_count": 9,
   "metadata": {},
   "outputs": [
    {
     "data": {
      "text/plain": [
       "<tf.Tensor 'concat_17:0' shape=(1, 24) dtype=float64>"
      ]
     },
     "execution_count": 9,
     "metadata": {},
     "output_type": "execute_result"
    }
   ],
   "source": [
    "aux"
   ]
  },
  {
   "cell_type": "code",
   "execution_count": 10,
   "metadata": {},
   "outputs": [],
   "source": [
    "outputs = tf.concat(outputs, axis=0)[tf.newaxis]"
   ]
  },
  {
   "cell_type": "code",
   "execution_count": 11,
   "metadata": {},
   "outputs": [
    {
     "data": {
      "text/plain": [
       "<tf.Tensor 'strided_slice_2:0' shape=(1, 20, 12) dtype=float64>"
      ]
     },
     "execution_count": 11,
     "metadata": {},
     "output_type": "execute_result"
    }
   ],
   "source": [
    "outputs"
   ]
  },
  {
   "cell_type": "code",
   "execution_count": 12,
   "metadata": {},
   "outputs": [],
   "source": [
    "prior = PWalk.logdens(outputs)"
   ]
  },
  {
   "cell_type": "code",
   "execution_count": 13,
   "metadata": {},
   "outputs": [
    {
     "data": {
      "text/plain": [
       "<tf.Tensor 'param_walk_prior_2/logdens/add:0' shape=() dtype=float64>"
      ]
     },
     "execution_count": 13,
     "metadata": {},
     "output_type": "execute_result"
    }
   ],
   "source": [
    "prior"
   ]
  },
  {
   "cell_type": "code",
   "execution_count": 14,
   "metadata": {},
   "outputs": [],
   "source": [
    "def create_loglik2():\n",
    "    obs_d = Normal(dim=None, sigma=1., mu=0)\n",
    "    out = tf.reshape(outputs, [n, dim[0], dim[1]])\n",
    "    \n",
    "    def step1(current):\n",
    "        X = current[0][np.newaxis]\n",
    "        param = current[1]\n",
    "        d = param[:,:dim[-1]-1]\n",
    "        X = tf.matmul(X, d)[0] + param[:,-1]\n",
    "        return X\n",
    "    \n",
    "    ar = tf.map_fn(step1, (xs[0][:-1], out[:-1]), dtype=tf.float64)\n",
    "    return obs_d.logdens(ar - xs[0][1:])"
   ]
  },
  {
   "cell_type": "code",
   "execution_count": 15,
   "metadata": {},
   "outputs": [],
   "source": [
    "logl = create_loglik2()"
   ]
  },
  {
   "cell_type": "code",
   "execution_count": 16,
   "metadata": {},
   "outputs": [],
   "source": [
    "ent = tf.reduce_sum([flow.logdens for flow in flows])"
   ]
  },
  {
   "cell_type": "code",
   "execution_count": 17,
   "metadata": {},
   "outputs": [
    {
     "data": {
      "text/plain": [
       "<tf.Tensor 'Sum_1:0' shape=() dtype=float64>"
      ]
     },
     "execution_count": 17,
     "metadata": {},
     "output_type": "execute_result"
    }
   ],
   "source": [
    "ent"
   ]
  },
  {
   "cell_type": "code",
   "execution_count": 18,
   "metadata": {},
   "outputs": [],
   "source": [
    "df = dim[0]*dim[1]\n",
    "pmat = np.diag([(1/s1**2)]*(dim[0]*dim[1]))/df\n",
    "cov_prior = WishartCholesky(df, pmat, cholesky_input_output_matrices=True)"
   ]
  },
  {
   "cell_type": "code",
   "execution_count": 19,
   "metadata": {},
   "outputs": [],
   "source": [
    "loss = -logl - prior + ent - cov_prior.log_prob(PWalk.fsigma) + lowerd.logdens + ldiag.logdens\n",
    "loss /= n*dim[0]*dim[1]"
   ]
  },
  {
   "cell_type": "code",
   "execution_count": 20,
   "metadata": {},
   "outputs": [
    {
     "data": {
      "text/plain": [
       "<tf.Tensor 'loss:0' shape=() dtype=string>"
      ]
     },
     "execution_count": 20,
     "metadata": {},
     "output_type": "execute_result"
    }
   ],
   "source": [
    "tf.summary.scalar('loss', loss)"
   ]
  },
  {
   "cell_type": "code",
   "execution_count": 21,
   "metadata": {},
   "outputs": [],
   "source": [
    "opt = tf.train.AdamOptimizer(0.0001).minimize(loss)"
   ]
  },
  {
   "cell_type": "code",
   "execution_count": 22,
   "metadata": {},
   "outputs": [],
   "source": [
    "sess = tf.InteractiveSession()"
   ]
  },
  {
   "cell_type": "code",
   "execution_count": 23,
   "metadata": {},
   "outputs": [],
   "source": [
    "tf.global_variables_initializer().run()"
   ]
  },
  {
   "cell_type": "code",
   "execution_count": 24,
   "metadata": {},
   "outputs": [
    {
     "data": {
      "text/plain": [
       "(-18776.224333148177, 681.3209599305612, -15781.036493276128)"
      ]
     },
     "execution_count": 24,
     "metadata": {},
     "output_type": "execute_result"
    }
   ],
   "source": [
    "prior.eval(), ent.eval(), logl.eval()"
   ]
  },
  {
   "cell_type": "code",
   "execution_count": 25,
   "metadata": {},
   "outputs": [
    {
     "data": {
      "text/plain": [
       "array([108.27728301])"
      ]
     },
     "execution_count": 25,
     "metadata": {},
     "output_type": "execute_result"
    }
   ],
   "source": [
    "loss.eval()"
   ]
  },
  {
   "cell_type": "code",
   "execution_count": 26,
   "metadata": {},
   "outputs": [],
   "source": [
    "np.set_printoptions(precision=4)"
   ]
  },
  {
   "cell_type": "code",
   "execution_count": 27,
   "metadata": {},
   "outputs": [
    {
     "data": {
      "text/plain": [
       "array([[23697.3229,  -147.4871,    55.4281],\n",
       "       [ -147.4871,   990.6215,   -39.2068],\n",
       "       [   55.4281,   -39.2068,  3717.3064]])"
      ]
     },
     "execution_count": 27,
     "metadata": {},
     "output_type": "execute_result"
    }
   ],
   "source": [
    "PWalk.inverse_sigma.eval()[:3,:3]"
   ]
  },
  {
   "cell_type": "code",
   "execution_count": 28,
   "metadata": {},
   "outputs": [],
   "source": [
    "# all_sum = tf.summary.merge_all()\n",
    "# writer = tf.summary.FileWriter('/tmp/tfdbg')"
   ]
  },
  {
   "cell_type": "code",
   "execution_count": 50,
   "metadata": {
    "scrolled": true
   },
   "outputs": [
    {
     "name": "stdout",
     "output_type": "stream",
     "text": [
      "[2.979]\n",
      "[[ 1043.5451  -570.1126  -241.58  ]\n",
      " [ -570.1126  6281.5602 -2089.1563]\n",
      " [ -241.58   -2089.1563 25865.5762]]\n",
      "\n",
      "\n",
      "[3.0393]\n",
      "[[ 1085.0781 -2038.6644   276.9487]\n",
      " [-2038.6644 13951.4736   297.4141]\n",
      " [  276.9487   297.4141 38156.1618]]\n",
      "\n",
      "\n",
      "[3.0635]\n",
      "[[ 1554.2816  -724.1972  2791.7782]\n",
      " [ -724.1972  6348.6865  3119.0359]\n",
      " [ 2791.7782  3119.0359 37585.7519]]\n",
      "\n",
      "\n",
      "[3.0297]\n",
      "[[  633.1807    77.0744  1520.3288]\n",
      " [   77.0744  7528.8256  5982.7671]\n",
      " [ 1520.3288  5982.7671 68354.9966]]\n",
      "\n",
      "\n",
      "[2.9541]\n",
      "[[ 1993.7934  1585.1156  1362.2237]\n",
      " [ 1585.1156  7817.631   1644.3023]\n",
      " [ 1362.2237  1644.3023 37430.8917]]\n",
      "\n",
      "\n",
      "[3.0679]\n",
      "[[ 7.6126e+02 -1.0988e+03  1.1445e+03]\n",
      " [-1.0988e+03  5.4635e+03 -7.1600e+00]\n",
      " [ 1.1445e+03 -7.1600e+00  3.4071e+04]]\n",
      "\n",
      "\n",
      "[3.0314]\n",
      "[[ 2134.9632  -987.85    2608.969 ]\n",
      " [ -987.85    9885.9868 -8702.1295]\n",
      " [ 2608.969  -8702.1295 87027.8229]]\n",
      "\n",
      "\n",
      "[3.0088]\n",
      "[[ 1673.249  -1593.4281   188.4651]\n",
      " [-1593.4281  8854.3992   162.7027]\n",
      " [  188.4651   162.7027 46621.322 ]]\n",
      "\n",
      "\n",
      "[3.0317]\n",
      "[[ 1482.6747   238.3156  1611.5147]\n",
      " [  238.3156  6025.0099  1098.7665]\n",
      " [ 1611.5147  1098.7665 48862.3155]]\n",
      "\n",
      "\n",
      "[3.0196]\n",
      "[[  771.4342  1036.5679  -998.8229]\n",
      " [ 1036.5679  8012.3266 -3376.4672]\n",
      " [ -998.8229 -3376.4672 33067.3659]]\n",
      "\n",
      "\n",
      "[3.0869]\n",
      "[[  886.7863   106.7697  2879.331 ]\n",
      " [  106.7697  9265.4273 -4538.7737]\n",
      " [ 2879.331  -4538.7737 57057.798 ]]\n",
      "\n",
      "\n",
      "[2.9987]\n",
      "[[ 1325.6838   258.0923  3405.4761]\n",
      " [  258.0923  3712.7535  4736.7769]\n",
      " [ 3405.4761  4736.7769 60570.4717]]\n",
      "\n",
      "\n",
      "[2.9926]\n",
      "[[ 1246.5917 -1637.1769  4310.3719]\n",
      " [-1637.1769 11401.9998 -8968.7012]\n",
      " [ 4310.3719 -8968.7012 54254.1543]]\n",
      "\n",
      "\n",
      "[3.0587]\n",
      "[[ 1142.2804  1312.1946  1899.6576]\n",
      " [ 1312.1946  8095.0353  6168.2988]\n",
      " [ 1899.6576  6168.2988 48372.8534]]\n",
      "\n",
      "\n",
      "[3.0201]\n",
      "[[ 8.6798e+02  2.9467e+01 -9.2377e+02]\n",
      " [ 2.9467e+01  3.7100e+03 -3.7511e+03]\n",
      " [-9.2377e+02 -3.7511e+03  5.2658e+04]]\n",
      "\n",
      "\n",
      "[2.9285]\n",
      "[[ 1419.4036  -816.2225  1994.7429]\n",
      " [ -816.2225  6621.2227 -8570.9376]\n",
      " [ 1994.7429 -8570.9376 41458.3765]]\n",
      "\n",
      "\n",
      "[3.0326]\n",
      "[[ 1.4906e+03 -4.1208e+01  2.9845e+03]\n",
      " [-4.1208e+01  3.8272e+03 -7.3181e+01]\n",
      " [ 2.9845e+03 -7.3181e+01  4.4063e+04]]\n",
      "\n",
      "\n",
      "[2.9705]\n",
      "[[ 1584.4967 -1739.6501  -453.4942]\n",
      " [-1739.6501 10592.5388  5976.2422]\n",
      " [ -453.4942  5976.2422 51690.5751]]\n",
      "\n",
      "\n",
      "[3.0481]\n",
      "[[ 1324.5774  -326.6311  -226.0809]\n",
      " [ -326.6311  8669.9758  7643.7528]\n",
      " [ -226.0809  7643.7528 64470.9452]]\n",
      "\n",
      "\n",
      "[3.0636]\n",
      "[[ 1317.8023 -1281.9361  1260.4846]\n",
      " [-1281.9361  8066.5798  7632.5127]\n",
      " [ 1260.4846  7632.5127 49936.6878]]\n",
      "\n",
      "\n",
      "[3.0819]\n",
      "[[ 1580.3911   840.2561 -2549.9251]\n",
      " [  840.2561  7512.3795 -3271.2137]\n",
      " [-2549.9251 -3271.2137 43870.9137]]\n",
      "\n",
      "\n",
      "[3.0139]\n",
      "[[ 1384.5858   232.3243  -228.2823]\n",
      " [  232.3243  4759.8353  2350.4775]\n",
      " [ -228.2823  2350.4775 36388.5011]]\n",
      "\n",
      "\n",
      "[3.0517]\n",
      "[[  989.7732 -1816.8568   781.6338]\n",
      " [-1816.8568  9749.8283 -1495.9028]\n",
      " [  781.6338 -1495.9028 42874.026 ]]\n",
      "\n",
      "\n",
      "[3.0761]\n",
      "[[ 1024.1007  -501.9062 -1254.2116]\n",
      " [ -501.9062 12860.203  -6723.858 ]\n",
      " [-1254.2116 -6723.858  57112.6236]]\n",
      "\n",
      "\n",
      "[3.0458]\n",
      "[[ 1355.3648  -691.8247  3217.7979]\n",
      " [ -691.8247  7911.0211 -1650.6606]\n",
      " [ 3217.7979 -1650.6606 42798.6702]]\n",
      "\n",
      "\n",
      "[3.0552]\n",
      "[[ 1517.3915   701.7223   725.7623]\n",
      " [  701.7223 10410.9079 -1779.1677]\n",
      " [  725.7623 -1779.1677 38735.924 ]]\n",
      "\n",
      "\n",
      "[3.1213]\n",
      "[[ 8.3878e+02 -1.2384e+03  1.2208e+01]\n",
      " [-1.2384e+03  7.1027e+03  1.7881e+03]\n",
      " [ 1.2208e+01  1.7881e+03  2.9402e+04]]\n",
      "\n",
      "\n",
      "[3.0071]\n",
      "[[ 1415.8683 -1139.8501  -960.655 ]\n",
      " [-1139.8501  7786.3452 -3127.7997]\n",
      " [ -960.655  -3127.7997 52673.1736]]\n",
      "\n",
      "\n",
      "[3.0196]\n",
      "[[ 1511.5168    51.0359  2340.7245]\n",
      " [   51.0359  8409.6389 -3381.3042]\n",
      " [ 2340.7245 -3381.3042 47954.7945]]\n",
      "\n",
      "\n",
      "[2.9957]\n",
      "[[  847.3702   322.4785  1120.5165]\n",
      " [  322.4785  8956.4478  3105.7458]\n",
      " [ 1120.5165  3105.7458 27885.0163]]\n",
      "\n",
      "\n",
      "[2.9865]\n",
      "[[  945.0765  -446.2626  -118.082 ]\n",
      " [ -446.2626  9245.7893  1348.3962]\n",
      " [ -118.082   1348.3962 29725.753 ]]\n",
      "\n",
      "\n",
      "[3.0471]\n",
      "[[ 1266.5564  -152.2132  2091.6436]\n",
      " [ -152.2132  5498.4796 -1993.4193]\n",
      " [ 2091.6436 -1993.4193 49016.288 ]]\n",
      "\n",
      "\n",
      "[3.0009]\n",
      "[[ 1666.7252  -789.2788  -671.7048]\n",
      " [ -789.2788  4691.5868   587.7912]\n",
      " [ -671.7048   587.7912 23607.4571]]\n",
      "\n",
      "\n",
      "[3.0715]\n",
      "[[ 1511.9718  -143.3211  -592.7667]\n",
      " [ -143.3211  4817.6964 -1784.3687]\n",
      " [ -592.7667 -1784.3687 26640.7381]]\n",
      "\n",
      "\n",
      "[3.0395]\n",
      "[[8.5089e+02 8.3179e+01 5.2401e+03]\n",
      " [8.3179e+01 8.6053e+03 6.2219e+03]\n",
      " [5.2401e+03 6.2219e+03 9.0256e+04]]\n",
      "\n",
      "\n",
      "[3.1102]\n",
      "[[ 1003.8905  -477.387   1223.878 ]\n",
      " [ -477.387   5512.5222  4905.7554]\n",
      " [ 1223.878   4905.7554 31923.6309]]\n",
      "\n",
      "\n",
      "[3.0099]\n",
      "[[  738.0337   950.7599  1149.3663]\n",
      " [  950.7599  5748.0258 -1555.7002]\n",
      " [ 1149.3663 -1555.7002 40351.4434]]\n",
      "\n",
      "\n",
      "[3.0427]\n",
      "[[ 1184.625   -434.0729   716.427 ]\n",
      " [ -434.0729  8700.8374 -4310.8171]\n",
      " [  716.427  -4310.8171 43195.8209]]\n",
      "\n",
      "\n",
      "[3.0755]\n",
      "[[ 1491.2833  -187.8987  -249.0215]\n",
      " [ -187.8987  6852.5471  4347.7339]\n",
      " [ -249.0215  4347.7339 30679.9418]]\n",
      "\n",
      "\n",
      "[3.0894]\n",
      "[[ 1840.7424   415.5995 -2478.1073]\n",
      " [  415.5995  7150.5656  3237.2398]\n",
      " [-2478.1073  3237.2398 28882.0669]]\n",
      "\n",
      "\n",
      "[3.12]\n",
      "[[ 2012.989   -778.0891 -3317.1251]\n",
      " [ -778.0891  9335.5611   567.8216]\n",
      " [-3317.1251   567.8216 50328.6677]]\n",
      "\n",
      "\n",
      "[3.0243]\n",
      "[[  752.7474  -147.8196  1589.753 ]\n",
      " [ -147.8196  6446.7564 -3227.6092]\n",
      " [ 1589.753  -3227.6092 64177.4265]]\n",
      "\n",
      "\n",
      "[3.0121]\n",
      "[[ 1764.9509  -541.9168  -829.1109]\n",
      " [ -541.9168  6652.5979  2349.8018]\n",
      " [ -829.1109  2349.8018 36834.0629]]\n",
      "\n",
      "\n",
      "[3.0249]\n",
      "[[ 1666.8868  1121.3535  2193.3198]\n",
      " [ 1121.3535  4683.0097   593.7488]\n",
      " [ 2193.3198   593.7488 34901.7302]]\n",
      "\n",
      "\n",
      "[3.0341]\n",
      "[[ 1087.9626  -440.9564  1227.2446]\n",
      " [ -440.9564  6064.1707   630.5468]\n",
      " [ 1227.2446   630.5468 26997.9496]]\n",
      "\n",
      "\n",
      "[3.064]\n",
      "[[ 1550.4778  1162.8786 -2013.5886]\n",
      " [ 1162.8786  8602.8967 -5730.5603]\n",
      " [-2013.5886 -5730.5603 35830.1295]]\n",
      "\n",
      "\n",
      "[3.0267]\n",
      "[[ 1739.2822  -164.2875  2209.7138]\n",
      " [ -164.2875  5966.8953  5036.1102]\n",
      " [ 2209.7138  5036.1102 29198.4626]]\n",
      "\n",
      "\n",
      "[2.984]\n",
      "[[ 1411.2102  -532.5421  2231.2333]\n",
      " [ -532.5421  7067.6552 -6842.0678]\n",
      " [ 2231.2333 -6842.0678 73809.434 ]]\n",
      "\n",
      "\n",
      "[3.0408]\n",
      "[[ 1475.0946   993.9023  3110.6855]\n",
      " [  993.9023  6746.5406  -899.416 ]\n",
      " [ 3110.6855  -899.416  47751.6263]]\n",
      "\n",
      "\n",
      "[3.0981]\n",
      "[[ 1053.35     762.2512  -376.9112]\n",
      " [  762.2512  6255.2954  4170.3593]\n",
      " [ -376.9112  4170.3593 66571.2741]]\n",
      "\n",
      "\n",
      "[3.1058]\n",
      "[[  553.4868   589.3428   164.9829]\n",
      " [  589.3428  6006.1652 -4060.8342]\n",
      " [  164.9829 -4060.8342 62415.4161]]\n",
      "\n",
      "\n",
      "[2.9534]\n",
      "[[  760.8759  -623.5357 -2600.0958]\n",
      " [ -623.5357 11048.9367  2754.401 ]\n",
      " [-2600.0958  2754.401  38414.5678]]\n",
      "\n",
      "\n",
      "[3.0142]\n",
      "[[ 1080.4052  -961.9086 -2123.5528]\n",
      " [ -961.9086 11113.649   4373.1242]\n",
      " [-2123.5528  4373.1242 48618.847 ]]\n",
      "\n",
      "\n",
      "[3.0066]\n",
      "[[ 1057.0273  -117.6186  -767.558 ]\n",
      " [ -117.6186  8500.0659  1222.3043]\n",
      " [ -767.558   1222.3043 31673.2896]]\n",
      "\n",
      "\n",
      "[3.0211]\n",
      "[[ 1347.3139  -606.688  -1683.9932]\n",
      " [ -606.688  10105.163   5002.8701]\n",
      " [-1683.9932  5002.8701 59588.4878]]\n",
      "\n",
      "\n",
      "[3.0003]\n",
      "[[ 1444.5893   861.333   -261.0266]\n",
      " [  861.333   9944.3803  2656.0835]\n",
      " [ -261.0266  2656.0835 63169.1556]]\n",
      "\n",
      "\n",
      "[3.0431]\n",
      "[[  990.5459  1035.611  -2149.6497]\n",
      " [ 1035.611  10583.6239 -3744.2156]\n",
      " [-2149.6497 -3744.2156 88798.8796]]\n",
      "\n",
      "\n",
      "[3.0213]\n",
      "[[ 1040.3569   522.6347  3657.3786]\n",
      " [  522.6347 10508.137   2779.6405]\n",
      " [ 3657.3786  2779.6405 73289.126 ]]\n",
      "\n",
      "\n",
      "[3.0585]\n",
      "[[ 1031.7596   139.3286 -1491.6856]\n",
      " [  139.3286  5140.8325 -6794.1181]\n",
      " [-1491.6856 -6794.1181 40574.53  ]]\n",
      "\n",
      "\n",
      "[3.0504]\n",
      "[[ 1546.0016 -1396.3754  -721.7098]\n",
      " [-1396.3754  8677.272    778.2898]\n",
      " [ -721.7098   778.2898 37514.2842]]\n",
      "\n",
      "\n",
      "[3.0382]\n",
      "[[ 1356.7358    40.3734  1491.6394]\n",
      " [   40.3734  7692.3038  4378.06  ]\n",
      " [ 1491.6394  4378.06   36791.9824]]\n",
      "\n",
      "\n",
      "[3.0706]\n",
      "[[ 1279.3461   309.4126  2568.9483]\n",
      " [  309.4126  7133.0008 -4279.1978]\n",
      " [ 2568.9483 -4279.1978 42633.7916]]\n",
      "\n",
      "\n",
      "[3.1334]\n",
      "[[ 1218.5765   110.3733  -376.3323]\n",
      " [  110.3733  8155.4798 -7607.9148]\n",
      " [ -376.3323 -7607.9148 53115.0304]]\n",
      "\n",
      "\n",
      "[2.9819]\n",
      "[[ 1947.9733   711.0736  3013.1171]\n",
      " [  711.0736  4954.3856  4039.6411]\n",
      " [ 3013.1171  4039.6411 42785.4902]]\n",
      "\n",
      "\n",
      "[3.0633]\n",
      "[[ 1339.7042   412.2737   264.8698]\n",
      " [  412.2737  6747.0792 -1222.4636]\n",
      " [  264.8698 -1222.4636 46035.7759]]\n",
      "\n",
      "\n",
      "[3.0574]\n",
      "[[  562.5532   804.5296   797.625 ]\n",
      " [  804.5296  7473.6141 -3392.5322]\n",
      " [  797.625  -3392.5322 61234.9015]]\n",
      "\n",
      "\n",
      "[3.0044]\n",
      "[[  698.0194   -93.8408  2000.8349]\n",
      " [  -93.8408  4692.4984 -3309.9474]\n",
      " [ 2000.8349 -3309.9474 65820.5199]]\n",
      "\n",
      "\n",
      "[3.0445]\n",
      "[[ 2090.829   -239.364  -3728.3085]\n",
      " [ -239.364   9312.674  -5177.4873]\n",
      " [-3728.3085 -5177.4873 63942.0758]]\n",
      "\n",
      "\n",
      "[3.0391]\n",
      "[[ 1006.9003   106.6719  2571.9123]\n",
      " [  106.6719  7204.2795  1398.416 ]\n",
      " [ 2571.9123  1398.416  42472.8662]]\n",
      "\n",
      "\n"
     ]
    },
    {
     "name": "stdout",
     "output_type": "stream",
     "text": [
      "[3.0316]\n",
      "[[  797.9987 -1112.9018  2288.0111]\n",
      " [-1112.9018 10142.7058 -5331.1821]\n",
      " [ 2288.0111 -5331.1821 44671.467 ]]\n",
      "\n",
      "\n",
      "[3.1148]\n",
      "[[   945.1929   -158.1712   -699.9465]\n",
      " [  -158.1712   5095.3445   -873.1633]\n",
      " [  -699.9465   -873.1633 102622.1653]]\n",
      "\n",
      "\n",
      "[3.0138]\n",
      "[[  934.0557  1650.6631   980.5112]\n",
      " [ 1650.6631 11878.0826  4230.8867]\n",
      " [  980.5112  4230.8867 70552.7662]]\n",
      "\n",
      "\n",
      "[3.077]\n",
      "[[ 1.7934e+03 -7.6719e+02 -2.5996e+01]\n",
      " [-7.6719e+02  6.3468e+03 -9.7891e+01]\n",
      " [-2.5996e+01 -9.7891e+01  3.4097e+04]]\n",
      "\n",
      "\n",
      "[2.9699]\n",
      "[[ 1676.6171 -1074.2202  3083.2577]\n",
      " [-1074.2202  7438.0199 -3203.1657]\n",
      " [ 3083.2577 -3203.1657 61260.2543]]\n",
      "\n",
      "\n",
      "[3.1179]\n",
      "[[  949.4684  -842.0807  -466.1371]\n",
      " [ -842.0807 12119.016  -3959.0301]\n",
      " [ -466.1371 -3959.0301 45295.5733]]\n",
      "\n",
      "\n",
      "[3.0629]\n",
      "[[ 7.5185e+02 -2.5300e+01 -3.0987e+02]\n",
      " [-2.5300e+01  5.1406e+03  1.5820e+03]\n",
      " [-3.0987e+02  1.5820e+03  7.4388e+04]]\n",
      "\n",
      "\n",
      "[2.9965]\n",
      "[[  608.3573   193.8017  -925.9717]\n",
      " [  193.8017  5598.1125 -5416.9538]\n",
      " [ -925.9717 -5416.9538 30120.0603]]\n",
      "\n",
      "\n",
      "[2.9881]\n",
      "[[ 1903.388   -482.4912  -144.2961]\n",
      " [ -482.4912  8550.2689  3140.8938]\n",
      " [ -144.2961  3140.8938 49483.3831]]\n",
      "\n",
      "\n",
      "[3.018]\n",
      "[[   956.9435    532.6505   -206.4233]\n",
      " [   532.6505   7660.6916    470.9233]\n",
      " [  -206.4233    470.9233 105279.3918]]\n",
      "\n",
      "\n",
      "[3.0504]\n",
      "[[ 1258.7611  -530.7653  3171.0883]\n",
      " [ -530.7653  6824.7187   835.6408]\n",
      " [ 3171.0883   835.6408 47128.7182]]\n",
      "\n",
      "\n",
      "[3.0413]\n",
      "[[ 1661.9902 -1139.2073 -1139.3768]\n",
      " [-1139.2073 11293.5591  4106.9277]\n",
      " [-1139.3768  4106.9277 64437.4435]]\n",
      "\n",
      "\n",
      "[3.0154]\n",
      "[[ 1384.5392  -955.1395  1903.4583]\n",
      " [ -955.1395  7564.0195 -5594.772 ]\n",
      " [ 1903.4583 -5594.772  39891.0503]]\n",
      "\n",
      "\n",
      "[3.0796]\n",
      "[[  702.9359  -552.4301 -1239.9645]\n",
      " [ -552.4301  9468.2758 -7993.7425]\n",
      " [-1239.9645 -7993.7425 55691.049 ]]\n",
      "\n",
      "\n",
      "[2.9732]\n",
      "[[  810.8988    54.1146  -606.8727]\n",
      " [   54.1146  6536.4038 -4310.127 ]\n",
      " [ -606.8727 -4310.127  51770.0269]]\n",
      "\n",
      "\n",
      "[3.0394]\n",
      "[[  869.3536   414.8672 -1380.7786]\n",
      " [  414.8672  5544.303  -6680.2795]\n",
      " [-1380.7786 -6680.2795 50733.9313]]\n",
      "\n",
      "\n",
      "[3.0963]\n",
      "[[ 1097.0451    74.2903 -2509.4823]\n",
      " [   74.2903 10784.6841 -4697.5533]\n",
      " [-2509.4823 -4697.5533 47403.7153]]\n",
      "\n",
      "\n",
      "[3.1392]\n",
      "[[ 1098.466   -294.2302 -2059.5541]\n",
      " [ -294.2302  7022.6816  2545.7646]\n",
      " [-2059.5541  2545.7646 47301.0525]]\n",
      "\n",
      "\n",
      "[2.9695]\n",
      "[[  744.2914  -324.6275   795.6844]\n",
      " [ -324.6275  9633.5809  4132.9796]\n",
      " [  795.6844  4132.9796 43122.1235]]\n",
      "\n",
      "\n",
      "[3.0769]\n",
      "[[ 1361.535    753.238    132.2439]\n",
      " [  753.238  10302.8221 -7861.8008]\n",
      " [  132.2439 -7861.8008 47690.209 ]]\n",
      "\n",
      "\n",
      "[3.0563]\n",
      "[[ 1213.4676  -724.432   1708.2972]\n",
      " [ -724.432   7720.6992 -7241.9664]\n",
      " [ 1708.2972 -7241.9664 57145.2176]]\n",
      "\n",
      "\n",
      "[3.0568]\n",
      "[[ 1347.0727  -674.4563 -4097.129 ]\n",
      " [ -674.4563 10641.7141  -170.8919]\n",
      " [-4097.129   -170.8919 38313.0091]]\n",
      "\n",
      "\n",
      "[3.1387]\n",
      "[[  769.3358   954.1318 -1067.6378]\n",
      " [  954.1318 10583.461  -4909.0045]\n",
      " [-1067.6378 -4909.0045 37315.0804]]\n",
      "\n",
      "\n",
      "[3.0227]\n",
      "[[ 1089.9751   563.6787 -1329.7911]\n",
      " [  563.6787  8309.5865 -8956.6496]\n",
      " [-1329.7911 -8956.6496 58461.851 ]]\n",
      "\n",
      "\n",
      "[2.9993]\n",
      "[[  902.3985   280.8583  -852.8488]\n",
      " [  280.8583 10309.1903 -2323.4091]\n",
      " [ -852.8488 -2323.4091 71511.1143]]\n",
      "\n",
      "\n",
      "[2.997]\n",
      "[[1.0528e+03 2.4592e+01 1.2396e+03]\n",
      " [2.4592e+01 9.0396e+03 8.8644e+03]\n",
      " [1.2396e+03 8.8644e+03 4.5545e+04]]\n",
      "\n",
      "\n",
      "[3.0597]\n",
      "[[ 1320.5878   853.3363 -1683.3356]\n",
      " [  853.3363  6255.0587  9830.919 ]\n",
      " [-1683.3356  9830.919  80633.0194]]\n",
      "\n",
      "\n",
      "[3.0437]\n",
      "[[  743.174   -450.293   1006.2411]\n",
      " [ -450.293   8687.7371 -5649.1315]\n",
      " [ 1006.2411 -5649.1315 32275.296 ]]\n",
      "\n",
      "\n",
      "[3.0007]\n",
      "[[ 1097.1705  -149.2005   145.8174]\n",
      " [ -149.2005  4450.9331 -7780.2777]\n",
      " [  145.8174 -7780.2777 82708.479 ]]\n",
      "\n",
      "\n",
      "[2.9876]\n",
      "[[  960.2452   197.5191   723.3798]\n",
      " [  197.5191  5846.6473 -2754.2811]\n",
      " [  723.3798 -2754.2811 64990.3862]]\n",
      "\n",
      "\n",
      "[3.0209]\n",
      "[[ 1056.4854   310.9979  -957.2708]\n",
      " [  310.9979  5708.7971 -4641.1423]\n",
      " [ -957.2708 -4641.1423 76542.0498]]\n",
      "\n",
      "\n",
      "[3.0163]\n",
      "[[ 2.3991e+03  5.9237e+01  9.3202e+02]\n",
      " [ 5.9237e+01  1.0463e+04 -1.2893e+04]\n",
      " [ 9.3202e+02 -1.2893e+04  6.9072e+04]]\n",
      "\n",
      "\n",
      "[3.1182]\n",
      "[[ 2719.4022  -559.1193 -2934.6024]\n",
      " [ -559.1193 11705.3467 -8484.9501]\n",
      " [-2934.6024 -8484.9501 64577.9221]]\n",
      "\n",
      "\n",
      "[2.9993]\n",
      "[[  909.0198   883.2817  -317.7494]\n",
      " [  883.2817 10629.0292 -5056.7241]\n",
      " [ -317.7494 -5056.7241 39323.3445]]\n",
      "\n",
      "\n",
      "[3.0453]\n",
      "[[ 1638.1688  1481.6225  2804.5227]\n",
      " [ 1481.6225 10680.1863 -2015.3142]\n",
      " [ 2804.5227 -2015.3142 49665.0208]]\n",
      "\n",
      "\n",
      "[3.0476]\n",
      "[[  977.1002  -939.5756  -818.1725]\n",
      " [ -939.5756  5404.713   9231.161 ]\n",
      " [ -818.1725  9231.161  67742.0317]]\n",
      "\n",
      "\n",
      "[3.0956]\n",
      "[[ 2492.7782  -663.6282 -1469.6925]\n",
      " [ -663.6282  5052.5385  7593.6392]\n",
      " [-1469.6925  7593.6392 52200.0243]]\n",
      "\n",
      "\n",
      "[3.0477]\n",
      "[[  899.8565   656.7342 -1889.881 ]\n",
      " [  656.7342  8439.1817 -3937.8617]\n",
      " [-1889.881  -3937.8617 52335.5447]]\n",
      "\n",
      "\n",
      "[3.1057]\n",
      "[[  879.5078  -276.4936 -1912.6777]\n",
      " [ -276.4936  5650.4838 -3399.8633]\n",
      " [-1912.6777 -3399.8633 57030.2958]]\n",
      "\n",
      "\n",
      "[2.9988]\n",
      "[[ 1003.7396  1230.1851  1338.9593]\n",
      " [ 1230.1851  7214.0165  5712.6973]\n",
      " [ 1338.9593  5712.6973 58980.9698]]\n",
      "\n",
      "\n",
      "[2.9957]\n",
      "[[ 1013.0877   283.6545 -1278.0751]\n",
      " [  283.6545 11300.199   2174.3067]\n",
      " [-1278.0751  2174.3067 37131.0458]]\n",
      "\n",
      "\n",
      "[3.0359]\n",
      "[[ 1815.1801  -340.9249 -1724.6746]\n",
      " [ -340.9249  7871.6382   917.4075]\n",
      " [-1724.6746   917.4075 35464.3249]]\n",
      "\n",
      "\n",
      "[3.0826]\n",
      "[[ 1321.5839   418.7713   283.6594]\n",
      " [  418.7713  5590.2958  2162.0951]\n",
      " [  283.6594  2162.0951 55172.2229]]\n",
      "\n",
      "\n",
      "[3.0709]\n",
      "[[ 1235.8041   530.3389  2006.0584]\n",
      " [  530.3389  8578.4113 -3521.7254]\n",
      " [ 2006.0584 -3521.7254 51401.7147]]\n",
      "\n",
      "\n",
      "[2.9408]\n",
      "[[ 1107.3635  -377.3742  -360.5208]\n",
      " [ -377.3742  7230.3118   473.105 ]\n",
      " [ -360.5208   473.105  38092.9422]]\n",
      "\n",
      "\n",
      "[3.0784]\n",
      "[[ 1299.2992  1884.1771   992.335 ]\n",
      " [ 1884.1771  7254.1133 -3556.3695]\n",
      " [  992.335  -3556.3695 59575.9337]]\n",
      "\n",
      "\n",
      "[3.0024]\n",
      "[[  884.2159  1015.972   1759.2575]\n",
      " [ 1015.972   9783.2064  6724.9066]\n",
      " [ 1759.2575  6724.9066 73774.3082]]\n",
      "\n",
      "\n",
      "[2.979]\n",
      "[[ 1199.1266   337.5478  -110.5588]\n",
      " [  337.5478  6732.2218  -809.1466]\n",
      " [ -110.5588  -809.1466 49937.3482]]\n",
      "\n",
      "\n",
      "[3.0555]\n",
      "[[  912.8909  1024.5149   229.8106]\n",
      " [ 1024.5149  8815.7017  7835.4557]\n",
      " [  229.8106  7835.4557 45081.0113]]\n",
      "\n",
      "\n",
      "[3.0588]\n",
      "[[ 1635.6003  -848.0552 -3616.845 ]\n",
      " [ -848.0552 11589.47    5645.1787]\n",
      " [-3616.845   5645.1787 78026.5837]]\n",
      "\n",
      "\n",
      "[3.0543]\n",
      "[[  716.619   -378.6662   415.6852]\n",
      " [ -378.6662  9519.7418 -7235.4676]\n",
      " [  415.6852 -7235.4676 45254.5639]]\n",
      "\n",
      "\n",
      "[3.1341]\n",
      "[[  623.8249  -836.9089 -2334.1937]\n",
      " [ -836.9089 10967.786  -1893.0668]\n",
      " [-2334.1937 -1893.0668 59063.2578]]\n",
      "\n",
      "\n",
      "[3.0879]\n",
      "[[ 1268.1325  -441.1714 -3932.9634]\n",
      " [ -441.1714  4989.7721  2795.1236]\n",
      " [-3932.9634  2795.1236 52426.2877]]\n",
      "\n",
      "\n",
      "[3.074]\n",
      "[[ 1204.5922   403.5787  3504.9071]\n",
      " [  403.5787  6632.5112  5764.2171]\n",
      " [ 3504.9071  5764.2171 73951.2691]]\n",
      "\n",
      "\n",
      "[3.134]\n",
      "[[ 1326.4982  1319.3667  4499.5079]\n",
      " [ 1319.3667  6417.3336  9618.3349]\n",
      " [ 4499.5079  9618.3349 97243.0917]]\n",
      "\n",
      "\n",
      "[3.0695]\n",
      "[[ 1211.4184   968.9962  2784.5141]\n",
      " [  968.9962 14498.0714 -4934.3391]\n",
      " [ 2784.5141 -4934.3391 74627.444 ]]\n",
      "\n",
      "\n",
      "[2.9847]\n",
      "[[ 1120.3888  -536.0095 -3357.9091]\n",
      " [ -536.0095  7223.2611 13287.6574]\n",
      " [-3357.9091 13287.6574 77024.8731]]\n",
      "\n",
      "\n",
      "[3.0963]\n",
      "[[  621.516   -623.8288   303.6213]\n",
      " [ -623.8288  7781.4979  -337.4091]\n",
      " [  303.6213  -337.4091 54919.4469]]\n",
      "\n",
      "\n",
      "[3.0719]\n",
      "[[ 1.7158e+03  1.0810e+02 -4.9508e+01]\n",
      " [ 1.0810e+02  8.0281e+03 -4.6314e+03]\n",
      " [-4.9508e+01 -4.6314e+03  5.5099e+04]]\n",
      "\n",
      "\n",
      "[3.0356]\n",
      "[[ 1711.3012  -968.6099   462.3196]\n",
      " [ -968.6099  7397.4417 -1061.0024]\n",
      " [  462.3196 -1061.0024 38000.0635]]\n",
      "\n",
      "\n",
      "[3.0421]\n",
      "[[ 1.1113e+03 -5.3241e+02 -2.1017e+01]\n",
      " [-5.3241e+02  1.3465e+04 -4.2624e+03]\n",
      " [-2.1017e+01 -4.2624e+03  4.0795e+04]]\n",
      "\n",
      "\n",
      "[3.0198]\n",
      "[[ 1434.0876   -75.0451  1438.7996]\n",
      " [  -75.0451  9918.8036  5959.9238]\n",
      " [ 1438.7996  5959.9238 67312.9294]]\n",
      "\n",
      "\n",
      "[3.0404]\n",
      "[[ 1249.8946  -281.7053  4274.3523]\n",
      " [ -281.7053  6302.3886 -4348.7411]\n",
      " [ 4274.3523 -4348.7411 62199.4663]]\n",
      "\n",
      "\n",
      "[3.0307]\n",
      "[[ 1397.1556  -382.7628   366.3621]\n",
      " [ -382.7628  9511.5376  6861.3894]\n",
      " [  366.3621  6861.3894 40563.9174]]\n",
      "\n",
      "\n",
      "[3.0551]\n",
      "[[ 1215.363   1370.3654  1757.1287]\n",
      " [ 1370.3654 10812.2284 -3710.2133]\n",
      " [ 1757.1287 -3710.2133 91093.0056]]\n",
      "\n",
      "\n",
      "[3.0719]\n",
      "[[ 1316.45     181.6576 -1336.2411]\n",
      " [  181.6576  6754.8676 -9960.8044]\n",
      " [-1336.2411 -9960.8044 73568.1891]]\n",
      "\n",
      "\n",
      "[2.9741]\n",
      "[[  560.866    953.8507  1527.4596]\n",
      " [  953.8507  9842.9034  5101.7992]\n",
      " [ 1527.4596  5101.7992 40945.2729]]\n",
      "\n",
      "\n",
      "[3.0805]\n",
      "[[  832.7405  -539.4282  1824.3044]\n",
      " [ -539.4282  8211.5919  4587.456 ]\n",
      " [ 1824.3044  4587.456  37499.9266]]\n",
      "\n",
      "\n"
     ]
    },
    {
     "name": "stdout",
     "output_type": "stream",
     "text": [
      "[3.0778]\n",
      "[[ 2191.7658 -1194.929  -1043.0063]\n",
      " [-1194.929   6223.9951   408.9768]\n",
      " [-1043.0063   408.9768 25627.1132]]\n",
      "\n",
      "\n",
      "[3.1102]\n",
      "[[ 1693.4039  1407.1641 -2379.681 ]\n",
      " [ 1407.1641  7182.9028  2904.8795]\n",
      " [-2379.681   2904.8795 44339.1388]]\n",
      "\n",
      "\n",
      "[3.0303]\n",
      "[[ 1045.9258  -159.2451   446.6082]\n",
      " [ -159.2451  5521.7681 -3752.0572]\n",
      " [  446.6082 -3752.0572 56801.0184]]\n",
      "\n",
      "\n",
      "[3.0059]\n",
      "[[ 9.9984e+02 -1.1062e+03 -3.0864e+01]\n",
      " [-1.1062e+03  7.3876e+03 -6.3116e+03]\n",
      " [-3.0864e+01 -6.3116e+03  3.3695e+04]]\n",
      "\n",
      "\n",
      "[3.0292]\n",
      "[[  974.8334  -131.7825 -1024.2024]\n",
      " [ -131.7825  6079.1266 -1512.6403]\n",
      " [-1024.2024 -1512.6403 61606.6533]]\n",
      "\n",
      "\n",
      "[3.0006]\n",
      "[[ 1079.8888   157.2086  3597.1183]\n",
      " [  157.2086  9286.4495  4655.2275]\n",
      " [ 3597.1183  4655.2275 51272.4823]]\n",
      "\n",
      "\n",
      "[3.0477]\n",
      "[[8.1192e+02 4.7549e+02 3.6242e+01]\n",
      " [4.7549e+02 7.0139e+03 8.3929e+03]\n",
      " [3.6242e+01 8.3929e+03 9.5898e+04]]\n",
      "\n",
      "\n",
      "[3.0027]\n",
      "[[ 1249.8205 -1204.6684 -2197.1282]\n",
      " [-1204.6684  4930.9106 -1303.1258]\n",
      " [-2197.1282 -1303.1258 67967.1027]]\n",
      "\n",
      "\n",
      "[3.0137]\n",
      "[[ 2262.3398  -535.5932 -4697.3571]\n",
      " [ -535.5932  5097.2086  3008.9668]\n",
      " [-4697.3571  3008.9668 72319.2042]]\n",
      "\n",
      "\n",
      "[3.0939]\n",
      "[[ 1773.3581  -458.2979 -2406.2618]\n",
      " [ -458.2979  8100.818   6388.7965]\n",
      " [-2406.2618  6388.7965 44679.6617]]\n",
      "\n",
      "\n",
      "[3.0884]\n",
      "[[  979.9059  -206.1743  2023.1721]\n",
      " [ -206.1743 10115.4132 -2694.5703]\n",
      " [ 2023.1721 -2694.5703 41522.6578]]\n",
      "\n",
      "\n",
      "[2.994]\n",
      "[[ 1134.1046   576.1018  3994.4962]\n",
      " [  576.1018  9839.6606  6339.1399]\n",
      " [ 3994.4962  6339.1399 76879.8431]]\n",
      "\n",
      "\n",
      "[2.9779]\n",
      "[[ 8.1242e+02  4.4823e+01 -3.7263e+03]\n",
      " [ 4.4823e+01  7.3142e+03 -1.8572e+03]\n",
      " [-3.7263e+03 -1.8572e+03  5.1501e+04]]\n",
      "\n",
      "\n",
      "[3.0572]\n",
      "[[  891.6635   854.2427  -120.4579]\n",
      " [  854.2427  6673.7463  1771.9987]\n",
      " [ -120.4579  1771.9987 30815.652 ]]\n",
      "\n",
      "\n",
      "[3.0104]\n",
      "[[  953.0403 -1004.6501 -1625.1213]\n",
      " [-1004.6501  8224.7831  8051.3114]\n",
      " [-1625.1213  8051.3114 56434.9327]]\n",
      "\n",
      "\n",
      "[3.0514]\n",
      "[[ 1739.946    273.0418  1436.9462]\n",
      " [  273.0418  9520.5938  2013.9429]\n",
      " [ 1436.9462  2013.9429 57286.1928]]\n",
      "\n",
      "\n",
      "[3.0745]\n",
      "[[ 1343.5638  1143.2871 -2756.533 ]\n",
      " [ 1143.2871 14733.9265 -2704.4761]\n",
      " [-2756.533  -2704.4761 45526.4768]]\n",
      "\n",
      "\n",
      "[3.0741]\n",
      "[[ 1184.4162   415.6371  1573.1477]\n",
      " [  415.6371  6073.6599  7000.6981]\n",
      " [ 1573.1477  7000.6981 43028.1114]]\n",
      "\n",
      "\n",
      "[2.9721]\n",
      "[[ 1193.6361  1496.606    313.8547]\n",
      " [ 1496.606   8050.7752    74.2851]\n",
      " [  313.8547    74.2851 52909.4571]]\n",
      "\n",
      "\n",
      "[3.0012]\n",
      "[[ 2034.6894 -1218.0676 -6508.4755]\n",
      " [-1218.0676  7325.8945  5349.2313]\n",
      " [-6508.4755  5349.2313 52496.3619]]\n",
      "\n",
      "\n",
      "[3.0794]\n",
      "[[ 1350.8047  -699.8038    35.2364]\n",
      " [ -699.8038  6392.1821  -105.7303]\n",
      " [   35.2364  -105.7303 25807.5975]]\n",
      "\n",
      "\n",
      "[3.1123]\n",
      "[[ 1793.2094 -1085.5023 -4036.3103]\n",
      " [-1085.5023  8424.4596  2948.6416]\n",
      " [-4036.3103  2948.6416 44664.3631]]\n",
      "\n",
      "\n",
      "[3.1205]\n",
      "[[ 1102.4793 -1235.9687  -461.0952]\n",
      " [-1235.9687  6543.0812  6565.7854]\n",
      " [ -461.0952  6565.7854 63736.5039]]\n",
      "\n",
      "\n",
      "[3.0472]\n",
      "[[ 1.0001e+03 -1.7634e+01 -2.9592e+02]\n",
      " [-1.7634e+01  6.3255e+03 -3.4317e+03]\n",
      " [-2.9592e+02 -3.4317e+03  5.7599e+04]]\n",
      "\n",
      "\n",
      "[2.9805]\n",
      "[[ 1205.3437  -322.6509  -987.9844]\n",
      " [ -322.6509  9077.0249  -476.4043]\n",
      " [ -987.9844  -476.4043 22812.155 ]]\n",
      "\n",
      "\n",
      "[3.0632]\n",
      "[[ 1152.8457  1849.425    640.467 ]\n",
      " [ 1849.425   7914.8137   185.4385]\n",
      " [  640.467    185.4385 36452.9901]]\n",
      "\n",
      "\n",
      "[3.0659]\n",
