{
 "cells": [
  {
   "cell_type": "code",
   "execution_count": 1,
   "metadata": {},
   "outputs": [],
   "source": [
    "import tensorflow as tf\n",
    "from flows import NormalRW, DFlow, ResFlow, NVPFlow, phase, Normal, floatX, MVNormal, MVNormalRW, Linear, CFlow, LinearChol\n",
    "import numpy as np\n",
    "import pandas as pd\n",
    "from matplotlib import pyplot as plt\n",
    "import seaborn as sns\n",
    "from tensorflow.contrib.distributions import WishartCholesky\n",
    "\n",
    "np.random.seed(1234)"
   ]
  },
  {
   "cell_type": "code",
   "execution_count": 2,
   "metadata": {},
   "outputs": [],
   "source": [
    "data = pd.read_csv('./data/test_rus_data.csv').values.astype(floatX).T[np.newaxis][:,2:]/100"
   ]
  },
  {
   "cell_type": "code",
   "execution_count": 3,
   "metadata": {},
   "outputs": [
    {
     "name": "stdout",
     "output_type": "stream",
     "text": [
      "[0.21742282 0.16835931 0.01139835]\n"
     ]
    }
   ],
   "source": [
    "stds = (data[0,1:] - data[0,:-1]).std(axis=0)\n",
    "print(stds)\n",
    "data /= stds"
   ]
  },
  {
   "cell_type": "code",
   "execution_count": 4,
   "metadata": {},
   "outputs": [],
   "source": [
    "xs = data"
   ]
  },
  {
   "cell_type": "code",
   "execution_count": 5,
   "metadata": {},
   "outputs": [],
   "source": [
    "n = data.shape[1]\n",
    "s1 = 0.01\n",
    "s0 = 2.\n",
    "dim = [3,4]\n",
    "\n",
    "k = dim[0] * dim[1]\n",
    "with tf.variable_scope('pwalk_inf', reuse=tf.AUTO_REUSE):\n",
    "    lowerd = DFlow([NVPFlow(dim=k*(k-1)//2 + k, name='lowerd_flow_' + str(i)) for i in range(4)])\n",
    "    ldiag = DFlow([NVPFlow(dim=k, name='ldiag_flow_' + str(i)) for i in range(4)])\n",
    "PWalk = MVNormalRW(dim[0]*dim[1], sigma=s1, sigma0=s0, name='param_walk_prior', \n",
    "                   lowerd=lowerd.output[0], ldiag=ldiag.output[0]+np.log(1/s1))\n",
    "# PWalk = MVNormalRW(dim[0]*dim[1], sigma=s1, sigma0=s0, name='param_walk_prior')"
   ]
  },
  {
   "cell_type": "code",
   "execution_count": 6,
   "metadata": {},
   "outputs": [],
   "source": [
    "def autoregr_tf(X, param):\n",
    "    d = param[:,:dim[-1]-1]\n",
    "    X = tf.matmul(X, d) + param[:,-1][np.newaxis]\n",
    "    return X"
   ]
  },
  {
   "cell_type": "code",
   "execution_count": 7,
   "metadata": {},
   "outputs": [],
   "source": [
    "def create_step_flow(name=None, prev_flow_output=None, init_sigma=1.):\n",
    "    with tf.variable_scope(name, reuse=False):\n",
    "        \n",
    "        if prev_flow_output is not None:\n",
    "            aux_vars = prev_flow_output\n",
    "        else:\n",
    "            aux_vars = None\n",
    "            \n",
    "        step_flow = DFlow([LinearChol(dim=dim[0]*dim[1], name='lc', aux_vars=aux_vars)], \n",
    "                          init_sigma=init_sigma)\n",
    "    return step_flow"
   ]
  },
  {
   "cell_type": "code",
   "execution_count": 8,
   "metadata": {},
   "outputs": [],
   "source": [
    "flows = [create_step_flow('step_flow0', init_sigma=s0)]\n",
    "outputs = [flows[-1].output]\n",
    "for i in range(n-1):\n",
    "    if i >= 1:\n",
    "        aux = tf.concat([outputs[-1], outputs[-2]], 1)\n",
    "#     elif i>= 2:\n",
    "#         aux = tf.concat([outputs[-1], outputs[-2], outputs[-3]], 1)\n",
    "    else:\n",
    "        aux = outputs[-1]\n",
    "    new = create_step_flow('step_flow' + str(i+1), aux, init_sigma=s1)\n",
    "    flows.append(new)\n",
    "    outputs.append(outputs[-1] + new.output)"
   ]
  },
  {
   "cell_type": "code",
   "execution_count": 9,
   "metadata": {},
   "outputs": [
    {
     "data": {
      "text/plain": [
       "<tf.Tensor 'concat_17:0' shape=(1, 24) dtype=float64>"
      ]
     },
     "execution_count": 9,
     "metadata": {},
     "output_type": "execute_result"
    }
   ],
   "source": [
    "aux"
   ]
  },
  {
   "cell_type": "code",
   "execution_count": 10,
   "metadata": {},
   "outputs": [],
   "source": [
    "outputs = tf.concat(outputs, axis=0)[tf.newaxis]"
   ]
  },
  {
   "cell_type": "code",
   "execution_count": 11,
   "metadata": {},
   "outputs": [
    {
     "data": {
      "text/plain": [
       "<tf.Tensor 'strided_slice_2:0' shape=(1, 20, 12) dtype=float64>"
      ]
     },
     "execution_count": 11,
     "metadata": {},
     "output_type": "execute_result"
    }
   ],
   "source": [
    "outputs"
   ]
  },
  {
   "cell_type": "code",
   "execution_count": 12,
   "metadata": {},
   "outputs": [],
   "source": [
    "prior = PWalk.logdens(outputs)"
   ]
  },
  {
   "cell_type": "code",
   "execution_count": 13,
   "metadata": {},
   "outputs": [
    {
     "data": {
      "text/plain": [
       "<tf.Tensor 'param_walk_prior_2/logdens/add:0' shape=() dtype=float64>"
      ]
     },
     "execution_count": 13,
     "metadata": {},
     "output_type": "execute_result"
    }
   ],
   "source": [
    "prior"
   ]
  },
  {
   "cell_type": "code",
   "execution_count": 14,
   "metadata": {},
   "outputs": [],
   "source": [
    "def create_loglik2():\n",
    "    obs_d = Normal(dim=None, sigma=1., mu=0)\n",
    "    out = tf.reshape(outputs, [n, dim[0], dim[1]])\n",
    "    \n",
    "    def step1(current):\n",
    "        X = current[0][np.newaxis]\n",
    "        param = current[1]\n",
    "        d = param[:,:dim[-1]-1]\n",
    "        X = tf.matmul(X, d)[0] + param[:,-1]\n",
    "        return X\n",
    "    \n",
    "    ar = tf.map_fn(step1, (xs[0][:-1], out[:-1]), dtype=tf.float64)\n",
    "    return obs_d.logdens(ar - xs[0][1:])"
   ]
  },
  {
   "cell_type": "code",
   "execution_count": 15,
   "metadata": {},
   "outputs": [],
   "source": [
    "logl = create_loglik2()"
   ]
  },
  {
   "cell_type": "code",
   "execution_count": 16,
   "metadata": {},
   "outputs": [],
   "source": [
    "ent = tf.reduce_sum([flow.logdens for flow in flows])"
   ]
  },
  {
   "cell_type": "code",
   "execution_count": 17,
   "metadata": {},
   "outputs": [
    {
     "data": {
      "text/plain": [
       "<tf.Tensor 'Sum_1:0' shape=() dtype=float64>"
      ]
     },
     "execution_count": 17,
     "metadata": {},
     "output_type": "execute_result"
    }
   ],
   "source": [
    "ent"
   ]
  },
  {
   "cell_type": "code",
   "execution_count": 18,
   "metadata": {},
   "outputs": [],
   "source": [
    "df = dim[0]*dim[1]\n",
    "pmat = np.diag([(1/s1**2)]*(dim[0]*dim[1]))/df\n",
    "cov_prior = WishartCholesky(df, pmat, cholesky_input_output_matrices=True)"
   ]
  },
  {
   "cell_type": "code",
   "execution_count": 19,
   "metadata": {},
   "outputs": [],
   "source": [
    "loss = -logl - prior + ent - cov_prior.log_prob(PWalk.fsigma) + lowerd.logdens + ldiag.logdens\n",
    "loss /= n*dim[0]*dim[1]"
   ]
  },
  {
   "cell_type": "code",
   "execution_count": 20,
   "metadata": {},
   "outputs": [
    {
     "data": {
      "text/plain": [
       "<tf.Tensor 'loss:0' shape=() dtype=string>"
      ]
     },
     "execution_count": 20,
     "metadata": {},
     "output_type": "execute_result"
    }
   ],
   "source": [
    "tf.summary.scalar('loss', loss)"
   ]
  },
  {
   "cell_type": "code",
   "execution_count": 21,
   "metadata": {},
   "outputs": [],
   "source": [
    "opt = tf.train.AdamOptimizer(0.0001).minimize(loss)"
   ]
  },
  {
   "cell_type": "code",
   "execution_count": 22,
   "metadata": {},
   "outputs": [],
   "source": [
    "sess = tf.InteractiveSession()"
   ]
  },
  {
   "cell_type": "code",
   "execution_count": 23,
   "metadata": {},
   "outputs": [],
   "source": [
    "tf.global_variables_initializer().run()"
   ]
  },
  {
   "cell_type": "code",
   "execution_count": 24,
   "metadata": {},
   "outputs": [
    {
     "data": {
      "text/plain": [
       "(-111966.97458302557, 713.236171144621, -2111.9674142043327)"
      ]
     },
     "execution_count": 24,
     "metadata": {},
     "output_type": "execute_result"
    }
   ],
   "source": [
    "prior.eval(), ent.eval(), logl.eval()"
   ]
  },
  {
   "cell_type": "code",
   "execution_count": 25,
   "metadata": {},
   "outputs": [
    {
     "data": {
      "text/plain": [
       "array([536.74997658])"
      ]
     },
     "execution_count": 25,
     "metadata": {},
     "output_type": "execute_result"
    }
   ],
   "source": [
    "loss.eval()"
   ]
  },
  {
   "cell_type": "code",
   "execution_count": 26,
   "metadata": {},
   "outputs": [],
   "source": [
    "np.set_printoptions(precision=4)"
   ]
  },
  {
   "cell_type": "code",
   "execution_count": 27,
   "metadata": {},
   "outputs": [
    {
     "data": {
      "text/plain": [
       "array([[ 3.1587e+03,  3.5889e+01, -1.0495e+01],\n",
       "       [ 3.5889e+01,  9.8899e+02, -2.4275e+01],\n",
       "       [-1.0495e+01, -2.4275e+01,  1.1165e+04]])"
      ]
     },
     "execution_count": 27,
     "metadata": {},
     "output_type": "execute_result"
    }
   ],
   "source": [
    "PWalk.inverse_sigma.eval()[:3,:3]"
   ]
  },
  {
   "cell_type": "code",
   "execution_count": 28,
   "metadata": {},
   "outputs": [],
   "source": [
    "# all_sum = tf.summary.merge_all()\n",
    "# writer = tf.summary.FileWriter('/tmp/tfdbg')"
   ]
  },
  {
   "cell_type": "code",
   "execution_count": null,
   "metadata": {
    "scrolled": true
   },
   "outputs": [
    {
     "name": "stdout",
     "output_type": "stream",
     "text": [
      "[157.2477]\n",
      "[[ 2.6605e+03 -8.3815e+00  5.4570e+01]\n",
      " [-8.3815e+00  3.5234e+02  1.5285e+01]\n",
      " [ 5.4570e+01  1.5285e+01  2.8378e+04]]\n",
      "\n",
      "\n",
      "[35.3533]\n",
      "[[20309.9233   101.5377  -181.3936]\n",
      " [  101.5377  6491.43     -22.2804]\n",
      " [ -181.3936   -22.2804  6616.3419]]\n",
      "\n",
      "\n",
      "[25.0434]\n",
      "[[ 2.7264e+03 -8.4637e+01 -2.8264e+01]\n",
      " [-8.4637e+01  8.6543e+04  4.7309e+01]\n",
      " [-2.8264e+01  4.7309e+01  4.9511e+03]]\n",
      "\n",
      "\n",
      "[22.8544]\n",
      "[[29500.8848 -2505.827  -1513.6927]\n",
      " [-2505.827  18880.8561  1494.1888]\n",
      " [-1513.6927  1494.1888 52520.1035]]\n",
      "\n",
      "\n",
      "[66.145]\n",
      "[[  2652.1385  -1152.7519   -331.0626]\n",
      " [ -1152.7519   3224.5585   1411.7699]\n",
      " [  -331.0626   1411.7699 108726.8704]]\n",
      "\n",
      "\n",
      "[49.1913]\n",
      "[[ 7414.8667 -1018.6181 -1418.4391]\n",
      " [-1018.6181 11158.5353   310.9649]\n",
      " [-1418.4391   310.9649 13376.6487]]\n",
      "\n",
      "\n",
      "[53.9251]\n",
      "[[5188.9498 1450.7284  453.7921]\n",
      " [1450.7284 3899.8191  634.8753]\n",
      " [ 453.7921  634.8753 2599.3424]]\n",
      "\n",
      "\n",
      "[50.6181]\n",
      "[[ 2604.818   -143.6258  -157.6601]\n",
      " [ -143.6258 10469.0445  1470.2257]\n",
      " [ -157.6601  1470.2257 13253.4057]]\n",
      "\n",
      "\n",
      "[16.559]\n",
      "[[  3739.2716    290.6987   1285.5918]\n",
      " [   290.6987 193661.9971   8008.9693]\n",
      " [  1285.5918   8008.9693   3505.8486]]\n",
      "\n",
      "\n",
      "[35.435]\n",
      "[[  368.6934  -253.7499    69.1489]\n",
      " [ -253.7499 15731.6465  2385.2076]\n",
      " [   69.1489  2385.2076   892.7144]]\n",
      "\n",
      "\n",
      "[11.7669]\n",
      "[[  9324.554    -817.1735   1482.3081]\n",
      " [  -817.1735  45971.177    2456.2528]\n",
      " [  1482.3081   2456.2528 253721.6818]]\n",
      "\n",
      "\n",
      "[11.7325]\n",
      "[[  626.6402  -432.583   -885.4323]\n",
      " [ -432.583  30095.3674  3930.4065]\n",
      " [ -885.4323  3930.4065  3711.0275]]\n",
      "\n",
      "\n",
      "[14.7051]\n",
      "[[ 9.9983e+02  3.9914e+02 -1.2400e+02]\n",
      " [ 3.9914e+02  3.8184e+03  1.8859e+03]\n",
      " [-1.2400e+02  1.8859e+03  2.8931e+05]]\n",
      "\n",
      "\n",
      "[48.557]\n",
      "[[2210.5663 -255.7696 2201.1511]\n",
      " [-255.7696  425.482  -153.9843]\n",
      " [2201.1511 -153.9843 6194.5365]]\n",
      "\n",
      "\n",
      "[15.8851]\n",
      "[[  581.0625  -909.6225  1051.3005]\n",
      " [ -909.6225 17752.0324 -2205.785 ]\n",
      " [ 1051.3005 -2205.785   2143.7007]]\n",
      "\n",
      "\n",
      "[35.4466]\n",
      "[[   33.0831   146.3095    71.4252]\n",
      " [  146.3095 11990.6168 -1776.4152]\n",
      " [   71.4252 -1776.4152  1250.7148]]\n",
      "\n",
      "\n",
      "[11.6565]\n",
      "[[2585.8319 1668.7777  614.6284]\n",
      " [1668.7777 2324.514   274.1799]\n",
      " [ 614.6284  274.1799 6852.2688]]\n",
      "\n",
      "\n",
      "[14.3618]\n",
      "[[ 377.6982 -473.7045  -10.1347]\n",
      " [-473.7045  703.4957   34.2676]\n",
      " [ -10.1347   34.2676  176.824 ]]\n",
      "\n",
      "\n",
      "[5.9243]\n",
      "[[ 251.8353 -218.7718 -238.9739]\n",
      " [-218.7718 1024.3892  636.4315]\n",
      " [-238.9739  636.4315 8579.9395]]\n",
      "\n",
      "\n",
      "[14.4047]\n",
      "[[ 205.7478 -298.9927 -418.6919]\n",
      " [-298.9927  592.4363  820.0827]\n",
      " [-418.6919  820.0827 5936.4524]]\n",
      "\n",
      "\n",
      "[28.9362]\n",
      "[[3521.4268  451.7995   -6.326 ]\n",
      " [ 451.7995  315.8606 -254.136 ]\n",
      " [  -6.326  -254.136  1009.023 ]]\n",
      "\n",
      "\n",
      "[9.2816]\n",
      "[[9.8091e+01 3.7605e+00 1.5741e+02]\n",
      " [3.7605e+00 1.3012e+03 3.0275e+02]\n",
      " [1.5741e+02 3.0275e+02 5.9849e+03]]\n",
      "\n",
      "\n",
      "[5.1459]\n",
      "[[ 203.8964 -145.3855   -6.3611]\n",
      " [-145.3855 1760.7549   68.6827]\n",
      " [  -6.3611   68.6827 2776.7396]]\n",
      "\n",
      "\n",
      "[16.8352]\n",
      "[[25849.3046  4625.0512  1682.8185]\n",
      " [ 4625.0512 26841.2124  3538.1988]\n",
      " [ 1682.8185  3538.1988 12001.4953]]\n",
      "\n",
      "\n",
      "[10.7617]\n",
      "[[ 129.0253   81.8452 -167.1137]\n",
      " [  81.8452  463.9873 -144.2667]\n",
      " [-167.1137 -144.2667 1319.7627]]\n",
      "\n",
      "\n",
      "[6.4617]\n",
      "[[ 749.2274  497.945  -331.6271]\n",
      " [ 497.945  2127.3085 -502.4688]\n",
      " [-331.6271 -502.4688  576.1996]]\n",
      "\n",
      "\n",
      "[4.7885]\n",
      "[[ 461.6173 -143.4277  468.3643]\n",
      " [-143.4277  259.7959  -36.652 ]\n",
      " [ 468.3643  -36.652  1329.1705]]\n",
      "\n",
      "\n",
      "[12.2137]\n",
      "[[1770.0102 -882.3579  591.1054]\n",
      " [-882.3579  935.355   318.9139]\n",
      " [ 591.1054  318.9139 2242.7592]]\n",
      "\n",
      "\n",
      "[7.5246]\n",
      "[[25424.7067   389.7947 -1782.0311]\n",
      " [  389.7947   275.8753   347.8837]\n",
      " [-1782.0311   347.8837  5693.0315]]\n",
      "\n",
      "\n",
      "[9.0268]\n",
      "[[4242.8356  927.4328  508.1465]\n",
      " [ 927.4328  910.706   256.7833]\n",
      " [ 508.1465  256.7833 1532.128 ]]\n",
      "\n",
      "\n",
      "[7.1125]\n",
      "[[5982.4971  109.8098 -673.3065]\n",
      " [ 109.8098 5566.4032 1518.6901]\n",
      " [-673.3065 1518.6901 4526.0498]]\n",
      "\n",
      "\n",
      "[9.0091]\n",
      "[[2905.211   369.5758  689.8829]\n",
      " [ 369.5758 2966.6616 -407.3458]\n",
      " [ 689.8829 -407.3458 3118.1255]]\n",
      "\n",
      "\n",
      "[5.6374]\n",
      "[[ 2168.3609   340.9076  -954.8069]\n",
      " [  340.9076  2325.4971 -1137.5136]\n",
      " [ -954.8069 -1137.5136  1850.629 ]]\n",
      "\n",
      "\n",
      "[6.9841]\n",
      "[[ 6005.342    459.1959 -1109.5955]\n",
      " [  459.1959  6480.6296 -1239.756 ]\n",
      " [-1109.5955 -1239.756   2504.0407]]\n",
      "\n",
      "\n",
      "[5.0498]\n",
      "[[6276.9585 -163.6279  325.1958]\n",
      " [-163.6279 4605.0529  -51.4567]\n",
      " [ 325.1958  -51.4567 8260.2984]]\n",
      "\n",
      "\n",
      "[5.5568]\n",
      "[[11088.786   -248.2851   632.3532]\n",
      " [ -248.2851  7115.1017   763.2606]\n",
      " [  632.3532   763.2606  4337.5836]]\n",
      "\n",
      "\n",
      "[4.8984]\n",
      "[[2331.1402 -479.7154  412.1035]\n",
      " [-479.7154 5776.3043  239.974 ]\n",
      " [ 412.1035  239.974  4126.3883]]\n",
      "\n",
      "\n",
      "[5.3932]\n",
      "[[ 5883.4195 -2361.5304  1552.3297]\n",
      " [-2361.5304  5630.4516  -513.2286]\n",
      " [ 1552.3297  -513.2286  6676.075 ]]\n",
      "\n",
      "\n",
      "[5.3965]\n",
      "[[2641.935  -717.3626 -162.1832]\n",
      " [-717.3626 8695.2122 -667.1351]\n",
      " [-162.1832 -667.1351 4271.0017]]\n",
      "\n",
      "\n",
      "[5.2565]\n",
      "[[4364.3032 -698.3523 1273.1754]\n",
      " [-698.3523 8470.7752  411.683 ]\n",
      " [1273.1754  411.683  7395.2894]]\n",
      "\n",
      "\n",
      "[4.426]\n",
      "[[ 2887.1671 -1951.0822  1754.3754]\n",
      " [-1951.0822  4168.8196  -539.9487]\n",
      " [ 1754.3754  -539.9487  4993.931 ]]\n",
      "\n",
      "\n",
      "[4.6107]\n",
      "[[ 8270.4812 -1659.5901  1525.2916]\n",
      " [-1659.5901  5881.3109   741.6232]\n",
      " [ 1525.2916   741.6232  5545.4912]]\n",
      "\n",
      "\n",
      "[5.0613]\n",
      "[[5974.5411 1079.9144 -145.4497]\n",
      " [1079.9144 6735.7496 -955.7081]\n",
      " [-145.4497 -955.7081 5146.7602]]\n",
      "\n",
      "\n",
      "[4.5723]\n",
      "[[ 8239.4661 -1603.1583  1801.2505]\n",
      " [-1603.1583  6675.6222  -987.3789]\n",
      " [ 1801.2505  -987.3789  6452.2518]]\n",
      "\n",
      "\n",
      "[4.4513]\n",
      "[[3994.5697  756.5085  417.4132]\n",
      " [ 756.5085 8743.8353   70.6195]\n",
      " [ 417.4132   70.6195 5639.8231]]\n",
      "\n",
      "\n",
      "[4.7943]\n",
      "[[ 5742.0562   538.2046  -841.2473]\n",
      " [  538.2046  8350.5911 -2029.2506]\n",
      " [ -841.2473 -2029.2506  8518.3364]]\n",
      "\n",
      "\n",
      "[4.1846]\n",
      "[[ 5611.7047   211.0041 -1419.2697]\n",
      " [  211.0041  7068.4997   793.6088]\n",
      " [-1419.2697   793.6088  4188.9722]]\n",
      "\n",
      "\n",
      "[4.4034]\n",
      "[[3408.018   353.6933 -923.4474]\n",
      " [ 353.6933 8845.9846 -954.9897]\n",
      " [-923.4474 -954.9897 7334.8238]]\n",
      "\n",
      "\n",
      "[4.4455]\n",
      "[[ 3328.1419 -2001.6627    73.0403]\n",
      " [-2001.6627  5720.0581   -46.3199]\n",
      " [   73.0403   -46.3199  4235.5309]]\n",
      "\n",
      "\n",
      "[4.2377]\n",
      "[[4676.37   -299.4077  104.3125]\n",
      " [-299.4077 7088.4668  868.3434]\n",
      " [ 104.3125  868.3434 4115.3185]]\n",
      "\n",
      "\n",
      "[4.2317]\n",
      "[[ 3400.8237  -510.3271 -2015.7491]\n",
      " [ -510.3271  5617.2231   165.7959]\n",
      " [-2015.7491   165.7959  7096.8662]]\n",
      "\n",
      "\n",
      "[4.7371]\n",
      "[[ 5055.8868 -1077.2138   732.716 ]\n",
      " [-1077.2138  4144.0446   375.7395]\n",
      " [  732.716    375.7395  4172.1565]]\n",
      "\n",
      "\n",
      "[4.2167]\n",
      "[[ 5377.8837 -1580.7326 -1053.0167]\n",
      " [-1580.7326  8382.5811  -302.1344]\n",
      " [-1053.0167  -302.1344  5670.867 ]]\n",
      "\n",
      "\n",
      "[4.2825]\n",
      "[[4260.9712  986.2465 1079.0288]\n",
      " [ 986.2465 6949.7467  381.1632]\n",
      " [1079.0288  381.1632 7708.1577]]\n",
      "\n",
      "\n",
      "[4.208]\n",
      "[[ 3557.8499  -279.825    198.7993]\n",
      " [ -279.825   5907.3427 -2844.0219]\n",
      " [  198.7993 -2844.0219  4649.8683]]\n",
      "\n",
      "\n",
      "[4.0041]\n",
      "[[ 3910.419   1155.7948 -1469.8208]\n",
      " [ 1155.7948  4001.1294  -233.231 ]\n",
      " [-1469.8208  -233.231   6257.4297]]\n",
      "\n",
      "\n",
      "[4.0528]\n",
      "[[ 5775.3416   -98.8357    10.4721]\n",
      " [  -98.8357  5426.7678 -1381.9228]\n",
      " [   10.4721 -1381.9228  6905.9667]]\n",
      "\n",
      "\n",
      "[4.2838]\n",
      "[[3599.5673 -917.6548 -977.9373]\n",
      " [-917.6548 4330.8219   26.8973]\n",
      " [-977.9373   26.8973 6125.666 ]]\n",
      "\n",
      "\n",
      "[4.9735]\n",
      "[[ 5.5534e+03 -1.0381e+03 -7.2745e+00]\n",
      " [-1.0381e+03  9.0989e+03  2.3577e+03]\n",
      " [-7.2745e+00  2.3577e+03  6.7070e+03]]\n",
      "\n",
      "\n",
      "[3.9202]\n",
      "[[3593.3779 -833.2592 -662.7914]\n",
      " [-833.2592 3926.3178 1564.0414]\n",
      " [-662.7914 1564.0414 5675.0303]]\n",
      "\n",
      "\n",
      "[4.004]\n",
      "[[ 2905.2573  -846.705    304.5029]\n",
      " [ -846.705   5510.0699 -1389.1727]\n",
      " [  304.5029 -1389.1727  3443.4222]]\n",
      "\n",
      "\n",
      "[4.2476]\n",
      "[[ 4363.1228   365.0133  1937.36  ]\n",
      " [  365.0133  4311.7727 -1312.9645]\n",
      " [ 1937.36   -1312.9645  8575.7914]]\n",
      "\n",
      "\n",
      "[4.0733]\n",
      "[[4234.6957  116.6558  954.5091]\n",
      " [ 116.6558 3681.3712 -548.4224]\n",
      " [ 954.5091 -548.4224 7275.3332]]\n",
      "\n",
      "\n",
      "[4.5294]\n",
      "[[3849.6018 -387.6674  276.5501]\n",
      " [-387.6674 3113.435  -129.1532]\n",
      " [ 276.5501 -129.1532 4364.4703]]\n",
      "\n",
      "\n",
      "[3.8346]\n",
      "[[ 3491.7942  -247.551  -1502.6812]\n",
      " [ -247.551   3579.4858   704.2478]\n",
      " [-1502.6812   704.2478  6368.3915]]\n",
      "\n",
      "\n",
      "[3.7269]\n",
      "[[5344.9084   54.1312  341.4001]\n",
      " [  54.1312 3910.406  -503.2131]\n",
      " [ 341.4001 -503.2131 3793.4594]]\n",
      "\n",
      "\n",
      "[3.8738]\n",
      "[[ 5107.473   -644.9577 -2137.6214]\n",
      " [ -644.9577  4226.1085  -893.7212]\n",
      " [-2137.6214  -893.7212  4400.6221]]\n",
      "\n",
      "\n",
      "[3.7048]\n",
      "[[3833.0651  330.5064  253.2707]\n",
      " [ 330.5064 5005.1722  905.2075]\n",
      " [ 253.2707  905.2075 4840.6573]]\n",
      "\n",
      "\n",
      "[4.0495]\n",
      "[[ 3266.5272   458.3477   345.8776]\n",
      " [  458.3477  4099.1975 -2377.8276]\n",
      " [  345.8776 -2377.8276  6551.0323]]\n",
      "\n",
      "\n",
      "[4.1751]\n",
      "[[3976.4679  648.8033 1000.0352]\n",
      " [ 648.8033 5849.1125 -801.8318]\n",
      " [1000.0352 -801.8318 5176.7912]]\n",
      "\n",
      "\n"
     ]
    },
    {
     "name": "stdout",
     "output_type": "stream",
     "text": [
      "[3.8993]\n",
      "[[3146.4788 -174.6175   37.122 ]\n",
      " [-174.6175 5178.7842 -312.3427]\n",
      " [  37.122  -312.3427 6518.4828]]\n",
      "\n",
      "\n",
      "[3.5632]\n",
      "[[5840.9989  518.6487 -342.5889]\n",
      " [ 518.6487 4865.3183 1350.1126]\n",
      " [-342.5889 1350.1126 5275.0065]]\n",
      "\n",
      "\n",
      "[4.0653]\n",
      "[[ 4021.6167  -652.9574 -2473.7375]\n",
      " [ -652.9574  4538.7217   935.2597]\n",
      " [-2473.7375   935.2597  5984.5203]]\n",
      "\n",
      "\n",
      "[3.7487]\n",
      "[[4986.087  -600.667  2912.5192]\n",
      " [-600.667  2559.6651  672.2787]\n",
      " [2912.5192  672.2787 7013.9174]]\n",
      "\n",
      "\n",
      "[3.8563]\n",
      "[[ 4190.0595   -62.0782 -1356.0677]\n",
      " [  -62.0782  6124.1422 -1033.8338]\n",
      " [-1356.0677 -1033.8338  6266.8726]]\n",
      "\n",
      "\n",
      "[3.6696]\n",
      "[[2570.4327 -358.7991 -464.8803]\n",
      " [-358.7991 2541.8688  874.1974]\n",
      " [-464.8803  874.1974 2254.5894]]\n",
      "\n",
      "\n",
      "[3.8898]\n",
      "[[2699.3369  410.8776  189.5103]\n",
      " [ 410.8776 4123.242  1210.4481]\n",
      " [ 189.5103 1210.4481 7863.8313]]\n",
      "\n",
      "\n",
      "[3.9207]\n",
      "[[2690.7422   27.8792 -406.1367]\n",
      " [  27.8792 5076.304  -468.5794]\n",
      " [-406.1367 -468.5794 7305.1107]]\n",
      "\n",
      "\n",
      "[4.0145]\n",
      "[[3315.6653  -54.6103 -322.7456]\n",
      " [ -54.6103 6914.6335 -348.2755]\n",
      " [-322.7456 -348.2755 4624.407 ]]\n",
      "\n",
      "\n",
      "[3.8264]\n",
      "[[2366.4573  611.8912 1154.1113]\n",
      " [ 611.8912 3560.3396 -935.7883]\n",
      " [1154.1113 -935.7883 4944.2124]]\n",
      "\n",
      "\n",
      "[3.8602]\n",
      "[[4524.9231  160.8521 -364.7967]\n",
      " [ 160.8521 4371.5693 1670.3055]\n",
      " [-364.7967 1670.3055 5953.2739]]\n",
      "\n",
      "\n",
      "[3.7024]\n",
      "[[4037.23    447.3867 -527.7267]\n",
      " [ 447.3867 5073.4088  846.1309]\n",
      " [-527.7267  846.1309 5341.8409]]\n",
      "\n",
      "\n",
      "[3.631]\n",
      "[[3798.6263  -76.3663 -700.2216]\n",
      " [ -76.3663 3775.244  1515.182 ]\n",
      " [-700.2216 1515.182  8138.8072]]\n",
      "\n",
      "\n",
      "[3.6894]\n",
      "[[3692.8764 1011.6475 -735.0925]\n",
      " [1011.6475 5228.6005  715.1177]\n",
      " [-735.0925  715.1177 4648.2872]]\n",
      "\n",
      "\n",
      "[3.824]\n",
      "[[2941.9988  288.204   253.3926]\n",
      " [ 288.204  4862.5941  861.5376]\n",
      " [ 253.3926  861.5376 8676.9442]]\n",
      "\n",
      "\n",
      "[3.6837]\n",
      "[[4629.8333   48.8761 -907.2762]\n",
      " [  48.8761 3945.5784   23.8625]\n",
      " [-907.2762   23.8625 3664.7106]]\n",
      "\n",
      "\n",
      "[3.6509]\n",
      "[[4911.9328 -557.1533  148.7841]\n",
      " [-557.1533 3995.0082  754.5027]\n",
      " [ 148.7841  754.5027 9982.7717]]\n",
      "\n",
      "\n",
      "[3.6265]\n",
      "[[ 2939.7417  -109.0357   336.5249]\n",
      " [ -109.0357  6435.7208 -2422.4547]\n",
      " [  336.5249 -2422.4547  2459.8091]]\n",
      "\n",
      "\n",
      "[3.6706]\n",
      "[[2846.8363  139.7099 -501.3012]\n",
      " [ 139.7099 3896.1507 -468.7409]\n",
      " [-501.3012 -468.7409 3389.9416]]\n",
      "\n",
      "\n",
      "[3.7409]\n",
      "[[3269.9478 2029.5528 -233.6554]\n",
      " [2029.5528 3276.131  -355.0338]\n",
      " [-233.6554 -355.0338 3827.3903]]\n",
      "\n",
      "\n",
      "[3.6478]\n",
      "[[3377.1163  115.6546 -996.8332]\n",
      " [ 115.6546 4494.5659 -715.8429]\n",
      " [-996.8332 -715.8429 4020.338 ]]\n",
      "\n",
      "\n",
      "[3.5339]\n",
      "[[3537.8909  528.5772  581.0779]\n",
      " [ 528.5772 3068.2084  408.2445]\n",
      " [ 581.0779  408.2445 4774.8773]]\n",
      "\n",
      "\n",
      "[3.7804]\n",
      "[[5165.6877 -393.3329  147.225 ]\n",
      " [-393.3329 4243.7819   35.6052]\n",
      " [ 147.225    35.6052 3921.807 ]]\n",
      "\n",
      "\n",
      "[3.5183]\n",
      "[[4443.714   263.7922 2205.5965]\n",
      " [ 263.7922 4711.5343 -256.5032]\n",
      " [2205.5965 -256.5032 4359.8403]]\n",
      "\n",
      "\n",
      "[3.6831]\n",
      "[[ 3389.9597  -917.3876   784.6679]\n",
      " [ -917.3876  6286.6212 -1182.9743]\n",
      " [  784.6679 -1182.9743  4341.7926]]\n",
      "\n",
      "\n",
      "[3.6111]\n",
      "[[ 5342.7909 -1211.3156 -2599.3185]\n",
      " [-1211.3156  4679.5065  -234.7421]\n",
      " [-2599.3185  -234.7421  6835.8311]]\n",
      "\n",
      "\n",
      "[3.5725]\n",
      "[[1700.6038  415.0738 -126.1047]\n",
      " [ 415.0738 5227.8154 -785.9371]\n",
      " [-126.1047 -785.9371 4135.5186]]\n",
      "\n",
      "\n",
      "[3.6293]\n",
      "[[2957.972  -748.5791 -111.9713]\n",
      " [-748.5791 5246.6627 -543.9609]\n",
      " [-111.9713 -543.9609 3185.1313]]\n",
      "\n",
      "\n",
      "[3.4911]\n",
      "[[ 2058.9298  1997.5568 -1792.9074]\n",
      " [ 1997.5568  3536.3524 -1592.2204]\n",
      " [-1792.9074 -1592.2204  5808.9019]]\n",
      "\n",
      "\n",
      "[3.7954]\n",
      "[[ 2776.1149  -377.5418 -1782.9319]\n",
      " [ -377.5418 10075.1063  1864.2172]\n",
      " [-1782.9319  1864.2172  7155.8778]]\n",
      "\n",
      "\n",
      "[3.5762]\n",
      "[[3835.5598  -69.3801 1323.9668]\n",
      " [ -69.3801 4831.482   758.5489]\n",
      " [1323.9668  758.5489 4325.7911]]\n",
      "\n",
      "\n",
      "[3.4975]\n",
      "[[ 5351.1242  1186.4326 -1510.803 ]\n",
      " [ 1186.4326  4403.9799   -61.634 ]\n",
      " [-1510.803    -61.634   4080.8793]]\n",
      "\n",
      "\n",
      "[3.5824]\n",
      "[[ 6600.0517  2378.6267 -1396.7347]\n",
      " [ 2378.6267  5263.0839   397.0643]\n",
      " [-1396.7347   397.0643  3385.597 ]]\n",
      "\n",
      "\n",
      "[3.375]\n",
      "[[1437.7362 1329.5413  541.2681]\n",
      " [1329.5413 5668.9245  218.012 ]\n",
      " [ 541.2681  218.012  6610.5958]]\n",
      "\n",
      "\n",
      "[3.5347]\n",
      "[[4641.0855 1152.4679   31.5541]\n",
      " [1152.4679 6162.5206  392.0443]\n",
      " [  31.5541  392.0443 4508.1922]]\n",
      "\n",
      "\n",
      "[3.6505]\n",
      "[[1992.7162 1176.7413 -407.1521]\n",
      " [1176.7413 4157.5661  300.2419]\n",
      " [-407.1521  300.2419 7372.7368]]\n",
      "\n",
      "\n",
      "[3.7189]\n",
      "[[1095.48    274.4599 -173.9119]\n",
      " [ 274.4599 3951.2362 -233.7501]\n",
      " [-173.9119 -233.7501 5403.2588]]\n",
      "\n",
      "\n",
      "[3.5822]\n",
      "[[2952.1297 -754.5019  879.7595]\n",
      " [-754.5019 4500.2383 -414.103 ]\n",
      " [ 879.7595 -414.103  5459.0777]]\n",
      "\n",
      "\n",
      "[3.8311]\n",
      "[[3218.7627  606.3094  510.4951]\n",
      " [ 606.3094 3050.1477 1382.4548]\n",
      " [ 510.4951 1382.4548 8493.3537]]\n",
      "\n",
      "\n",
      "[3.5293]\n",
      "[[1881.2302 -456.6848 -715.2114]\n",
      " [-456.6848 6122.8359 -576.5839]\n",
      " [-715.2114 -576.5839 3208.9948]]\n",
      "\n",
      "\n",
      "[3.6231]\n",
      "[[ 3609.4065  -101.0163 -1121.1971]\n",
      " [ -101.0163  1893.84     904.3593]\n",
      " [-1121.1971   904.3593  5410.3687]]\n",
      "\n",
      "\n",
      "[3.6371]\n",
      "[[ 3397.4466  2337.9358    84.3157]\n",
      " [ 2337.9358  4896.2629 -1112.7305]\n",
      " [   84.3157 -1112.7305 11339.2491]]\n",
      "\n",
      "\n",
      "[3.4649]\n",
      "[[ 3975.3445 -1084.2606   559.091 ]\n",
      " [-1084.2606  3263.0833   445.4295]\n",
      " [  559.091    445.4295  4943.613 ]]\n",
      "\n",
      "\n",
      "[3.3752]\n",
      "[[4143.9228   15.1432 1480.0683]\n",
      " [  15.1432 4493.0528 1307.8165]\n",
      " [1480.0683 1307.8165 3627.9382]]\n",
      "\n",
      "\n",
      "[3.3588]\n",
      "[[ 2952.8661   349.2149   670.0561]\n",
      " [  349.2149  2892.143  -1700.6826]\n",
      " [  670.0561 -1700.6826  7377.0057]]\n",
      "\n",
      "\n",
      "[3.5658]\n",
      "[[ 3155.0127 -1357.7959  -708.1282]\n",
      " [-1357.7959  6642.4324  -503.8641]\n",
      " [ -708.1282  -503.8641  4702.4405]]\n",
      "\n",
      "\n",
      "[3.5076]\n",
      "[[ 1875.3808   -89.1905 -1200.5679]\n",
      " [  -89.1905  3333.4354   980.3568]\n",
      " [-1200.5679   980.3568  5752.3191]]\n",
      "\n",
      "\n",
      "[3.4813]\n",
      "[[4971.9835 -279.2805 -753.5036]\n",
      " [-279.2805 7049.0604 -265.6345]\n",
      " [-753.5036 -265.6345 4319.4762]]\n",
      "\n",
      "\n",
      "[3.3264]\n",
      "[[2990.9989  521.5831 1274.4972]\n",
      " [ 521.5831 2605.7455 -560.8392]\n",
      " [1274.4972 -560.8392 7880.7609]]\n",
      "\n",
      "\n",
      "[3.5697]\n",
      "[[ 2592.1034  -195.7638 -1361.8128]\n",
      " [ -195.7638  6452.5512  -338.5993]\n",
      " [-1361.8128  -338.5993  5428.3248]]\n",
      "\n",
      "\n",
      "[3.4418]\n",
      "[[ 2505.4045   537.6122 -2848.1291]\n",
      " [  537.6122  3285.2559  -391.486 ]\n",
      " [-2848.1291  -391.486   6782.9701]]\n",
      "\n",
      "\n",
      "[3.4499]\n",
      "[[3484.862   928.3624  -53.4019]\n",
      " [ 928.3624 7909.0461  903.2825]\n",
      " [ -53.4019  903.2825 6171.3624]]\n",
      "\n",
      "\n",
      "[3.5059]\n",
      "[[ 2613.7265   440.4966   -56.4546]\n",
      " [  440.4966  4042.1841 -2017.5759]\n",
      " [  -56.4546 -2017.5759  8369.1754]]\n",
      "\n",
      "\n",
      "[3.5438]\n",
      "[[ 3129.8825  -395.2902 -1157.1401]\n",
      " [ -395.2902  4491.6018   -75.062 ]\n",
      " [-1157.1401   -75.062   3519.726 ]]\n",
      "\n",
      "\n",
      "[3.4254]\n",
      "[[ 3606.8575 -1182.3382   573.9708]\n",
      " [-1182.3382  4408.717   -468.5213]\n",
      " [  573.9708  -468.5213  3237.4959]]\n",
      "\n",
      "\n",
      "[3.4316]\n",
      "[[3473.9824 -521.027  -243.4875]\n",
      " [-521.027  5229.2798 1689.883 ]\n",
      " [-243.4875 1689.883  4157.0577]]\n",
      "\n",
      "\n",
      "[3.4969]\n",
      "[[2839.852  -844.3033  821.6112]\n",
      " [-844.3033 7641.4421  429.9548]\n",
      " [ 821.6112  429.9548 7423.4653]]\n",
      "\n",
      "\n",
      "[3.4716]\n",
      "[[5696.9218 -976.8626  441.7404]\n",
      " [-976.8626 3104.4561 1135.043 ]\n",
      " [ 441.7404 1135.043  3324.7409]]\n",
      "\n",
      "\n",
      "[3.4438]\n",
      "[[1963.5025  492.7861  108.6583]\n",
      " [ 492.7861 2111.4435 1956.2132]\n",
      " [ 108.6583 1956.2132 5043.8191]]\n",
      "\n",
      "\n",
      "[3.4546]\n",
      "[[ 2051.284  -1100.2752 -1336.4318]\n",
      " [-1100.2752  7602.751     60.2926]\n",
      " [-1336.4318    60.2926  3190.8168]]\n",
      "\n",
      "\n",
      "[3.4265]\n",
      "[[ 3589.6882   593.0001  1694.0167]\n",
      " [  593.0001  3427.8923 -2374.2035]\n",
      " [ 1694.0167 -2374.2035  9214.5184]]\n",
      "\n",
      "\n",
      "[3.3982]\n",
      "[[ 3342.8695  -453.6655 -1800.1048]\n",
      " [ -453.6655  2901.3216  -476.4841]\n",
      " [-1800.1048  -476.4841  6585.9567]]\n",
      "\n",
      "\n",
      "[3.4438]\n",
      "[[ 2246.1149 -1064.4909   970.6333]\n",
      " [-1064.4909  6651.607  -1195.3829]\n",
      " [  970.6333 -1195.3829  6975.4494]]\n",
      "\n",
      "\n",
      "[3.4458]\n",
      "[[ 2641.2336 -1370.5221  -644.2965]\n",
      " [-1370.5221  6602.7418  -102.4294]\n",
      " [ -644.2965  -102.4294  5445.6987]]\n",
      "\n",
      "\n",
      "[3.4275]\n",
      "[[2268.9161  604.6981  868.0201]\n",
      " [ 604.6981 4275.8845  920.4969]\n",
      " [ 868.0201  920.4969 6717.0742]]\n",
      "\n",
      "\n",
      "[3.5734]\n",
      "[[3658.6271 -552.4833  241.0446]\n",
      " [-552.4833 3645.8405  569.1245]\n",
      " [ 241.0446  569.1245 6080.4438]]\n",
      "\n",
      "\n",
      "[3.3725]\n",
      "[[1842.1339   42.4123  -50.4063]\n",
      " [  42.4123 3461.1566  580.1627]\n",
      " [ -50.4063  580.1627 4148.506 ]]\n",
      "\n",
      "\n",
      "[3.4725]\n",
      "[[1577.5283  541.5095  710.5321]\n",
      " [ 541.5095 3391.2886  285.9023]\n",
      " [ 710.5321  285.9023 5902.8679]]\n",
      "\n",
      "\n",
      "[3.3779]\n",
      "[[3676.1664 1050.8721 2118.2399]\n",
      " [1050.8721 3328.7937  307.322 ]\n",
      " [2118.2399  307.322  4800.4901]]\n",
      "\n",
      "\n",
      "[3.4323]\n",
      "[[1586.4902 -623.3706 -399.7294]\n",
      " [-623.3706 2466.195  -426.1695]\n",
      " [-399.7294 -426.1695 5215.2135]]\n",
      "\n",
      "\n",
      "[3.325]\n",
      "[[ 3106.0229   323.2442 -1058.8582]\n",
      " [  323.2442  3760.7495  -162.7307]\n",
      " [-1058.8582  -162.7307  2531.9022]]\n",
      "\n",
      "\n",
      "[3.4729]\n",
      "[[2153.3773 1617.042  1661.1744]\n",
      " [1617.042  5793.2223 1821.9254]\n",
      " [1661.1744 1821.9254 5465.8445]]\n",
      "\n",
      "\n"
     ]
    },
    {
     "name": "stdout",
     "output_type": "stream",
     "text": [
      "[3.4791]\n",
      "[[ 3488.3892   302.4531 -1340.2934]\n",
      " [  302.4531  2925.2707  -115.2345]\n",
      " [-1340.2934  -115.2345  9118.4725]]\n",
      "\n",
      "\n",
      "[3.5037]\n",
      "[[ 4394.8969 -1071.4868   815.6803]\n",
      " [-1071.4868  3227.6343  -863.5687]\n",
      " [  815.6803  -863.5687  5579.7651]]\n",
      "\n",
      "\n",
      "[3.4588]\n",
      "[[4073.2345  676.7862 -433.0435]\n",
      " [ 676.7862 3514.5185 1453.1825]\n",
      " [-433.0435 1453.1825 4821.1053]]\n",
      "\n",
      "\n",
      "[3.4045]\n",
      "[[1255.5838  300.6021 -909.7092]\n",
      " [ 300.6021 3128.6168 -299.2793]\n",
      " [-909.7092 -299.2793 4048.597 ]]\n",
      "\n",
      "\n",
      "[3.4148]\n",
      "[[ 1903.672  -1845.0406   465.7469]\n",
      " [-1845.0406  5188.6828 -1663.4381]\n",
      " [  465.7469 -1663.4381  5336.4834]]\n",
      "\n",
      "\n",
      "[3.4381]\n",
      "[[2599.5583  220.853  -102.742 ]\n",
      " [ 220.853  6110.1532  514.078 ]\n",
      " [-102.742   514.078  4381.8037]]\n",
      "\n",
      "\n",
      "[3.3877]\n",
      "[[ 5306.106   -582.947   1443.9985]\n",
      " [ -582.947   6050.7617 -1664.8491]\n",
      " [ 1443.9985 -1664.8491  4900.5456]]\n",
      "\n",
      "\n",
      "[3.3614]\n",
      "[[2640.468  1230.407  -162.319 ]\n",
      " [1230.407  9044.2352 1004.0544]\n",
      " [-162.319  1004.0544 3458.1559]]\n",
      "\n",
      "\n",
      "[3.3759]\n",
      "[[ 2033.2574   585.2276  -634.0731]\n",
      " [  585.2276  3869.7432 -2008.5606]\n",
      " [ -634.0731 -2008.5606  6044.8265]]\n",
      "\n",
      "\n",
      "[3.4238]\n",
      "[[1337.2619  760.5165  -92.2366]\n",
      " [ 760.5165 5738.1368 2845.9164]\n",
      " [ -92.2366 2845.9164 7825.9162]]\n",
      "\n",
      "\n",
      "[3.4174]\n",
      "[[ 3424.7173  -817.35    -558.0594]\n",
      " [ -817.35    4600.2983 -1219.894 ]\n",
      " [ -558.0594 -1219.894   3478.1099]]\n",
      "\n",
      "\n",
      "[3.3612]\n",
      "[[1966.0333  616.0448  741.3452]\n",
      " [ 616.0448 4372.8165 1266.8429]\n",
      " [ 741.3452 1266.8429 5481.8375]]\n",
      "\n",
      "\n",
      "[3.3796]\n",
      "[[2651.5412 -798.0493 -383.6388]\n",
      " [-798.0493 4241.7575  357.2583]\n",
      " [-383.6388  357.2583 3635.5257]]\n",
      "\n",
      "\n",
      "[3.3915]\n",
      "[[2134.9474  641.4698 -851.9237]\n",
      " [ 641.4698 7158.3987 -203.0679]\n",
      " [-851.9237 -203.0679 5010.2795]]\n",
      "\n",
      "\n",
      "[3.3864]\n",
      "[[ 952.6266 -434.4389  282.2296]\n",
      " [-434.4389 2123.9166 -402.2858]\n",
      " [ 282.2296 -402.2858 4521.2106]]\n",
      "\n",
      "\n",
      "[3.3176]\n",
      "[[ 1906.2951  1067.3895   574.1739]\n",
      " [ 1067.3895  3292.8184 -1636.3221]\n",
      " [  574.1739 -1636.3221  5383.919 ]]\n",
      "\n",
      "\n",
      "[3.3706]\n",
      "[[ 3111.0753   394.765   -192.1616]\n",
      " [  394.765   6064.7676 -1056.7302]\n",
      " [ -192.1616 -1056.7302  8655.873 ]]\n",
      "\n",
      "\n",
      "[3.3694]\n",
      "[[2454.0188  900.115   -75.5587]\n",
      " [ 900.115  4122.5958 -212.8094]\n",
      " [ -75.5587 -212.8094 6108.8543]]\n",
      "\n",
      "\n",
      "[3.3114]\n",
      "[[2646.7179 -232.0508  660.8138]\n",
      " [-232.0508 2550.2251 -438.6671]\n",
      " [ 660.8138 -438.6671 2824.652 ]]\n",
      "\n",
      "\n",
      "[3.3959]\n",
      "[[ 1455.0845 -1113.2609 -1551.5244]\n",
      " [-1113.2609  3277.2899  1284.8128]\n",
      " [-1551.5244  1284.8128  4707.6734]]\n",
      "\n",
      "\n",
      "[3.3877]\n",
      "[[1601.4885   72.2253  108.2926]\n",
      " [  72.2253 2224.528   951.2542]\n",
      " [ 108.2926  951.2542 4377.9418]]\n",
      "\n",
      "\n",
      "[3.3948]\n",
      "[[1783.2785  360.048   175.4423]\n",
      " [ 360.048  1965.0761 -337.9025]\n",
      " [ 175.4423 -337.9025 5928.0965]]\n",
      "\n",
      "\n",
      "[3.2632]\n",
      "[[ 2900.1721   510.723   1020.8074]\n",
      " [  510.723   3819.414  -1331.2987]\n",
      " [ 1020.8074 -1331.2987  4060.4363]]\n",
      "\n",
      "\n",
      "[3.3164]\n",
      "[[ 3920.1735 -1059.3739  -237.0113]\n",
      " [-1059.3739  4025.8131  -484.9048]\n",
      " [ -237.0113  -484.9048  6192.7312]]\n",
      "\n",
      "\n",
      "[3.3786]\n",
      "[[1909.1396  950.4658 -120.9496]\n",
      " [ 950.4658 3355.0647    8.5922]\n",
      " [-120.9496    8.5922 7230.8985]]\n",
      "\n",
      "\n",
      "[3.4326]\n",
      "[[4312.2457 -213.9079  550.5057]\n",
      " [-213.9079 6015.1208 1207.7995]\n",
