{
 "cells": [
  {
   "cell_type": "code",
   "execution_count": 1,
   "metadata": {},
   "outputs": [],
   "source": [
    "import tensorflow as tf\n",
    "from flows import NormalRW, DFlow, ResFlow, NVPFlow, phase, Normal, floatX, MVNormal, MVNormalRW, Linear, CFlow, LinearChol\n",
    "import numpy as np\n",
    "import pandas as pd\n",
    "from matplotlib import pyplot as plt\n",
    "import seaborn as sns\n",
    "from tensorflow.contrib.distributions import WishartCholesky\n",
    "\n",
    "np.random.seed(1234)"
   ]
  },
  {
   "cell_type": "code",
   "execution_count": 2,
   "metadata": {},
   "outputs": [],
   "source": [
    "data = pd.read_csv('./data/test_rus_data.csv').values.astype(floatX).T[np.newaxis][:,2:]/100"
   ]
  },
  {
   "cell_type": "code",
   "execution_count": 3,
   "metadata": {},
   "outputs": [
    {
     "name": "stdout",
     "output_type": "stream",
     "text": [
      "[0.21742282 0.16835931 0.01139835]\n"
     ]
    }
   ],
   "source": [
    "stds = (data[0,1:] - data[0,:-1]).std(axis=0)\n",
    "print(stds)\n",
    "data /= stds"
   ]
  },
  {
   "cell_type": "code",
   "execution_count": 4,
   "metadata": {},
   "outputs": [],
   "source": [
    "xs = data"
   ]
  },
  {
   "cell_type": "code",
   "execution_count": 5,
   "metadata": {},
   "outputs": [],
   "source": [
    "n = data.shape[1]\n",
    "s1 = 0.01\n",
    "s0 = 2.\n",
    "dim = [3,4]\n",
    "\n",
    "k = dim[0] * dim[1]\n",
    "# with tf.variable_scope('pwalk_inf', reuse=tf.AUTO_REUSE):\n",
    "#     lowerd = DFlow([Linear(dim=k*(k-1)//2 + k, name='lowerd_flow')])\n",
    "#     ldiag = DFlow([NVPFlow(dim=k, name='lowerd_flow_' + str(i)) for i in range(4)])\n",
    "# PWalk = MVNormalRW(dim[0]*dim[1], sigma=s1, sigma0=s0, name='param_walk_prior', \n",
    "#                    lowerd=lowerd.output[0], ldiag=ldiag.output[0]+np.log(1/s1))\n",
    "PWalk = MVNormalRW(dim[0]*dim[1], sigma=s1, sigma0=s0, name='param_walk_prior')"
   ]
  },
  {
   "cell_type": "code",
   "execution_count": 6,
   "metadata": {},
   "outputs": [],
   "source": [
    "def autoregr_tf(X, param):\n",
    "    d = param[:,:dim[-1]-1]\n",
    "    X = tf.matmul(X, d) + param[:,-1][np.newaxis]\n",
    "    return X"
   ]
  },
  {
   "cell_type": "code",
   "execution_count": 7,
   "metadata": {},
   "outputs": [],
   "source": [
    "def create_step_flow(name=None, prev_flow_output=None, init_sigma=1.):\n",
    "    with tf.variable_scope(name, reuse=False):\n",
    "        \n",
    "        if prev_flow_output is not None:\n",
    "            aux_vars = prev_flow_output\n",
    "        else:\n",
    "            aux_vars = None\n",
    "            \n",
    "        step_flow = DFlow([LinearChol(dim=dim[0]*dim[1], name='lc', aux_vars=aux_vars)], \n",
    "                          init_sigma=init_sigma)\n",
    "    return step_flow"
   ]
  },
  {
   "cell_type": "code",
   "execution_count": 8,
   "metadata": {},
   "outputs": [],
   "source": [
    "flows = [create_step_flow('step_flow0', init_sigma=s0)]\n",
    "outputs = [flows[-1].output]\n",
    "for i in range(n-1):\n",
    "    if i >= 1:\n",
    "        aux = tf.concat([outputs[-1], outputs[-2]], 1)\n",
    "    else:\n",
    "        aux = outputs[-1]\n",
    "    new = create_step_flow('step_flow' + str(i+1), aux, init_sigma=s1)\n",
    "    flows.append(new)\n",
    "    outputs.append(outputs[-1] + new.output)"
   ]
  },
  {
   "cell_type": "code",
   "execution_count": 9,
   "metadata": {},
   "outputs": [],
   "source": [
    "outputs = tf.concat(outputs, axis=0)[tf.newaxis]"
   ]
  },
  {
   "cell_type": "code",
   "execution_count": 10,
   "metadata": {},
   "outputs": [
    {
     "data": {
      "text/plain": [
       "<tf.Tensor 'strided_slice:0' shape=(1, 20, 12) dtype=float64>"
      ]
     },
     "execution_count": 10,
     "metadata": {},
     "output_type": "execute_result"
    }
   ],
   "source": [
    "outputs"
   ]
  },
  {
   "cell_type": "code",
   "execution_count": 11,
   "metadata": {},
   "outputs": [],
   "source": [
    "prior = PWalk.logdens(outputs)"
   ]
  },
  {
   "cell_type": "code",
   "execution_count": 12,
   "metadata": {},
   "outputs": [
    {
     "data": {
      "text/plain": [
       "<tf.Tensor 'param_walk_prior_2/logdens/add:0' shape=() dtype=float64>"
      ]
     },
     "execution_count": 12,
     "metadata": {},
     "output_type": "execute_result"
    }
   ],
   "source": [
    "prior"
   ]
  },
  {
   "cell_type": "code",
   "execution_count": 13,
   "metadata": {},
   "outputs": [],
   "source": [
    "def create_loglik2():\n",
    "    obs_d = Normal(dim=None, sigma=1., mu=0)\n",
    "    out = tf.reshape(outputs, [n, dim[0], dim[1]])\n",
    "    \n",
    "    def step1(current):\n",
    "        X = current[0][np.newaxis]\n",
    "        param = current[1]\n",
    "        d = param[:,:dim[-1]-1]\n",
    "        X = tf.matmul(X, d)[0] + param[:,-1]\n",
    "        return X\n",
    "    \n",
    "    ar = tf.map_fn(step1, (xs[0][:-1], out[:-1]), dtype=tf.float64)\n",
    "    return obs_d.logdens(ar - xs[0][1:])"
   ]
  },
  {
   "cell_type": "code",
   "execution_count": 14,
   "metadata": {},
   "outputs": [],
   "source": [
    "logl = create_loglik2()"
   ]
  },
  {
   "cell_type": "code",
   "execution_count": 15,
   "metadata": {},
   "outputs": [],
   "source": [
    "ent = tf.reduce_sum([flow.logdens for flow in flows])"
   ]
  },
  {
   "cell_type": "code",
   "execution_count": 16,
   "metadata": {},
   "outputs": [
    {
     "data": {
      "text/plain": [
       "<tf.Tensor 'Sum_1:0' shape=() dtype=float64>"
      ]
     },
     "execution_count": 16,
     "metadata": {},
     "output_type": "execute_result"
    }
   ],
   "source": [
    "ent"
   ]
  },
  {
   "cell_type": "code",
   "execution_count": 17,
   "metadata": {},
   "outputs": [],
   "source": [
    "# df = dim[0]*dim[1]*10\n",
    "# pmat = np.diag([(1/s1**2)]*(dim[0]*dim[1]))/df\n",
    "# cov_prior = WishartCholesky(df, pmat, cholesky_input_output_matrices=True)"
   ]
  },
  {
   "cell_type": "code",
   "execution_count": 18,
   "metadata": {},
   "outputs": [],
   "source": [
    "loss = -logl - prior + ent# - cov_prior.log_prob(PWalk.fsigma) + lowerd.logdens + ldiag.logdens\n",
    "loss /= n*dim[0]*dim[1]"
   ]
  },
  {
   "cell_type": "code",
   "execution_count": 19,
   "metadata": {},
   "outputs": [
    {
     "data": {
      "text/plain": [
       "<tf.Tensor 'loss:0' shape=() dtype=string>"
      ]
     },
     "execution_count": 19,
     "metadata": {},
     "output_type": "execute_result"
    }
   ],
   "source": [
    "tf.summary.scalar('loss', loss)"
   ]
  },
  {
   "cell_type": "code",
   "execution_count": 20,
   "metadata": {},
   "outputs": [],
   "source": [
    "opt = tf.train.AdamOptimizer(0.0001).minimize(loss)"
   ]
  },
  {
   "cell_type": "code",
   "execution_count": 21,
   "metadata": {},
   "outputs": [],
   "source": [
    "sess = tf.InteractiveSession()"
   ]
  },
  {
   "cell_type": "code",
   "execution_count": 22,
   "metadata": {},
   "outputs": [],
   "source": [
    "tf.global_variables_initializer().run()"
   ]
  },
  {
   "cell_type": "code",
   "execution_count": 23,
   "metadata": {},
   "outputs": [
    {
     "data": {
      "text/plain": [
       "(-11247.4388997289, 704.9857850395491, -4636.036050768138)"
      ]
     },
     "execution_count": 23,
     "metadata": {},
     "output_type": "execute_result"
    }
   ],
   "source": [
    "prior.eval(), ent.eval(), logl.eval()"
   ]
  },
  {
   "cell_type": "code",
   "execution_count": 24,
   "metadata": {},
   "outputs": [
    {
     "data": {
      "text/plain": [
       "106.69645381162182"
      ]
     },
     "execution_count": 24,
     "metadata": {},
     "output_type": "execute_result"
    }
   ],
   "source": [
    "loss.eval()"
   ]
  },
  {
   "cell_type": "code",
   "execution_count": 25,
   "metadata": {},
   "outputs": [],
   "source": [
    "np.set_printoptions(precision=4)"
   ]
  },
  {
   "cell_type": "code",
   "execution_count": 26,
   "metadata": {},
   "outputs": [
    {
     "data": {
      "text/plain": [
       "array([[ 1.0000e+04, -3.2296e+00,  4.7417e+00],\n",
       "       [-3.2296e+00,  1.0000e+04,  1.0004e+00],\n",
       "       [ 4.7417e+00,  1.0004e+00,  1.0000e+04]])"
      ]
     },
     "execution_count": 26,
     "metadata": {},
     "output_type": "execute_result"
    }
   ],
   "source": [
    "PWalk.inverse_sigma.eval()[:3,:3]"
   ]
  },
  {
   "cell_type": "code",
   "execution_count": 27,
   "metadata": {},
   "outputs": [],
   "source": [
    "# all_sum = tf.summary.merge_all()\n",
    "# writer = tf.summary.FileWriter('/tmp/tfdbg')"
   ]
  },
  {
   "cell_type": "code",
   "execution_count": null,
   "metadata": {
    "scrolled": true
   },
   "outputs": [
    {
     "name": "stdout",
     "output_type": "stream",
     "text": [
      "0.29501340479661925\n",
      "[[ 2.6539e+03 -2.1232e+00 -3.2345e-01]\n",
      " [-2.1232e+00  2.6468e+03  3.1552e+00]\n",
      " [-3.2345e-01  3.1552e+00  2.5763e+03]]\n",
      "\n",
      "\n",
      "0.30455346184586696\n",
      "[[ 2.6535e+03 -1.9602e+00 -3.1772e-01]\n",
      " [-1.9602e+00  2.6345e+03  3.3378e+00]\n",
      " [-3.1772e-01  3.3378e+00  2.5820e+03]]\n",
      "\n",
      "\n",
      "0.2967509384955951\n",
      "[[ 2.6523e+03 -1.8810e+00 -1.4317e-01]\n",
      " [-1.8810e+00  2.6427e+03  3.4672e+00]\n",
      " [-1.4317e-01  3.4672e+00  2.5735e+03]]\n",
      "\n",
      "\n",
      "0.3049480288490102\n",
      "[[ 2.6518e+03 -1.9044e+00 -1.0315e-01]\n",
      " [-1.9044e+00  2.6435e+03  3.3258e+00]\n",
      " [-1.0315e-01  3.3258e+00  2.5688e+03]]\n",
      "\n",
      "\n",
      "0.2953821844515218\n",
      "[[ 2.6511e+03 -1.9417e+00  2.0682e-02]\n",
      " [-1.9417e+00  2.6354e+03  3.3352e+00]\n",
      " [ 2.0682e-02  3.3352e+00  2.5838e+03]]\n",
      "\n",
      "\n",
      "0.299495911035\n",
      "[[ 2.6394e+03 -2.0920e+00 -1.3913e-01]\n",
      " [-2.0920e+00  2.6157e+03  3.3910e+00]\n",
      " [-1.3913e-01  3.3910e+00  2.5843e+03]]\n",
      "\n",
      "\n",
      "0.31812234474626727\n",
      "[[ 2.6373e+03 -2.1057e+00 -3.5770e-01]\n",
      " [-2.1057e+00  2.6210e+03  3.3343e+00]\n",
      " [-3.5770e-01  3.3343e+00  2.5859e+03]]\n",
      "\n",
      "\n",
      "0.30432335411951167\n",
      "[[ 2.6347e+03 -1.8883e+00 -2.2912e-01]\n",
      " [-1.8883e+00  2.6223e+03  3.3460e+00]\n",
      " [-2.2912e-01  3.3460e+00  2.5804e+03]]\n",
      "\n",
      "\n",
      "0.28545394218830844\n",
      "[[ 2.6463e+03 -1.9086e+00 -2.4309e-01]\n",
      " [-1.9086e+00  2.6246e+03  3.4152e+00]\n",
      " [-2.4309e-01  3.4152e+00  2.5838e+03]]\n",
      "\n",
      "\n",
      "0.30234396336608993\n",
      "[[ 2.6463e+03 -2.1169e+00 -2.6751e-01]\n",
      " [-2.1169e+00  2.6378e+03  3.2597e+00]\n",
      " [-2.6751e-01  3.2597e+00  2.5757e+03]]\n",
      "\n",
      "\n",
      "0.29836465143456553\n",
      "[[ 2.6492e+03 -2.0800e+00 -2.0046e-01]\n",
      " [-2.0800e+00  2.6447e+03  3.2017e+00]\n",
      " [-2.0046e-01  3.2017e+00  2.5879e+03]]\n",
      "\n",
      "\n",
      "0.3083100816597816\n",
      "[[ 2.6466e+03 -2.2139e+00 -1.7586e-01]\n",
      " [-2.2139e+00  2.6586e+03  3.2010e+00]\n",
      " [-1.7586e-01  3.2010e+00  2.5974e+03]]\n",
      "\n",
      "\n",
      "0.2932716194456205\n",
      "[[ 2.6409e+03 -2.0253e+00 -1.7131e-01]\n",
      " [-2.0253e+00  2.6556e+03  3.1329e+00]\n",
      " [-1.7131e-01  3.1329e+00  2.5894e+03]]\n",
      "\n",
      "\n",
      "0.30621123713454446\n",
      "[[ 2.6478e+03 -2.0461e+00 -2.7738e-01]\n",
      " [-2.0461e+00  2.6554e+03  3.1936e+00]\n",
      " [-2.7738e-01  3.1936e+00  2.5841e+03]]\n",
      "\n",
      "\n",
      "0.3094518849189399\n",
      "[[ 2.6620e+03 -2.2844e+00 -1.2021e-01]\n",
      " [-2.2844e+00  2.6533e+03  3.1149e+00]\n",
      " [-1.2021e-01  3.1149e+00  2.5929e+03]]\n",
      "\n",
      "\n",
      "0.30538067892840054\n",
      "[[ 2.6497e+03 -2.2834e+00 -1.4564e-01]\n",
      " [-2.2834e+00  2.6357e+03  3.2094e+00]\n",
      " [-1.4564e-01  3.2094e+00  2.5794e+03]]\n",
      "\n",
      "\n",
      "0.30905075945071586\n",
      "[[ 2.6458e+03 -2.3749e+00 -1.8354e-01]\n",
      " [-2.3749e+00  2.6354e+03  3.1799e+00]\n",
      " [-1.8354e-01  3.1799e+00  2.5728e+03]]\n",
      "\n",
      "\n",
      "0.29665659824993706\n",
      "[[ 2.6405e+03 -2.2796e+00 -2.6272e-01]\n",
      " [-2.2796e+00  2.6255e+03  3.1566e+00]\n",
      " [-2.6272e-01  3.1566e+00  2.5497e+03]]\n",
      "\n",
      "\n",
      "0.2989565214571307\n",
      "[[ 2.6337e+03 -2.2583e+00 -1.8270e-01]\n",
      " [-2.2583e+00  2.6278e+03  3.2382e+00]\n",
      " [-1.8270e-01  3.2382e+00  2.5459e+03]]\n",
      "\n",
      "\n",
      "0.29718136148098134\n",
      "[[ 2.6230e+03 -2.3590e+00 -5.4131e-02]\n",
      " [-2.3590e+00  2.5997e+03  3.0046e+00]\n",
      " [-5.4131e-02  3.0046e+00  2.5461e+03]]\n",
      "\n",
      "\n",
      "0.31027704168719905\n",
      "[[ 2.6295e+03 -2.4930e+00 -6.5562e-02]\n",
      " [-2.4930e+00  2.6022e+03  2.7530e+00]\n",
      " [-6.5562e-02  2.7530e+00  2.5415e+03]]\n",
      "\n",
      "\n",
      "0.3060339289148492\n",
      "[[ 2.6171e+03 -2.3485e+00 -2.0421e-01]\n",
      " [-2.3485e+00  2.6037e+03  2.6927e+00]\n",
      " [-2.0421e-01  2.6927e+00  2.5503e+03]]\n",
      "\n",
      "\n",
      "0.30291546270482284\n",
      "[[ 2.6081e+03 -2.2439e+00 -6.1660e-02]\n",
      " [-2.2439e+00  2.5992e+03  2.4669e+00]\n",
      " [-6.1660e-02  2.4669e+00  2.5539e+03]]\n",
      "\n",
      "\n",
      "0.31184038935583375\n",
      "[[ 2.6245e+03 -2.1302e+00 -4.0347e-02]\n",
      " [-2.1302e+00  2.6053e+03  2.3701e+00]\n",
      " [-4.0347e-02  2.3701e+00  2.5404e+03]]\n",
      "\n",
      "\n",
      "0.2951302676212497\n",
      "[[ 2.6237e+03 -2.1742e+00  3.6100e-02]\n",
      " [-2.1742e+00  2.6002e+03  2.3265e+00]\n",
      " [ 3.6100e-02  2.3265e+00  2.5457e+03]]\n",
      "\n",
      "\n",
      "0.30286673872802844\n",
      "[[ 2.6128e+03 -2.2711e+00 -3.2498e-02]\n",
      " [-2.2711e+00  2.6168e+03  2.4207e+00]\n",
      " [-3.2498e-02  2.4207e+00  2.5280e+03]]\n",
      "\n",
      "\n",
      "0.30559721349261154\n",
      "[[ 2.6146e+03 -2.2974e+00  4.8477e-02]\n",
      " [-2.2974e+00  2.6153e+03  2.4752e+00]\n",
      " [ 4.8477e-02  2.4752e+00  2.5235e+03]]\n",
      "\n",
      "\n",
      "0.30548048082638196\n",
      "[[ 2.6080e+03 -2.2847e+00  9.9057e-02]\n",
      " [-2.2847e+00  2.5999e+03  2.2814e+00]\n",
      " [ 9.9057e-02  2.2814e+00  2.5207e+03]]\n",
      "\n",
      "\n",
      "0.2928743650507182\n",
      "[[ 2.6086e+03 -2.2315e+00  1.2386e-01]\n",
      " [-2.2315e+00  2.6016e+03  2.2066e+00]\n",
      " [ 1.2386e-01  2.2066e+00  2.5322e+03]]\n",
      "\n",
      "\n",
      "0.3133605315233652\n",
      "[[ 2.6275e+03 -2.1097e+00  7.7743e-02]\n",
      " [-2.1097e+00  2.6068e+03  2.1141e+00]\n",
      " [ 7.7743e-02  2.1141e+00  2.5361e+03]]\n",
      "\n",
      "\n",
      "0.30751909083879764\n",
      "[[ 2.6282e+03 -2.1468e+00  1.3633e-01]\n",
      " [-2.1468e+00  2.6181e+03  2.2271e+00]\n",
      " [ 1.3633e-01  2.2271e+00  2.5277e+03]]\n",
      "\n",
      "\n",
      "0.29521270246448666\n",
      "[[ 2.6350e+03 -2.2071e+00  3.1055e-01]\n",
      " [-2.2071e+00  2.6327e+03  2.2163e+00]\n",
      " [ 3.1055e-01  2.2163e+00  2.5143e+03]]\n",
      "\n",
      "\n",
      "0.3092853965616754\n",
      "[[ 2.6357e+03 -2.0978e+00  1.0852e-01]\n",
      " [-2.0978e+00  2.6123e+03  2.3111e+00]\n",
      " [ 1.0852e-01  2.3111e+00  2.5312e+03]]\n",
      "\n",
      "\n",
      "0.30999138529938414\n",
      "[[ 2.6345e+03 -2.1004e+00  2.1770e-01]\n",
      " [-2.1004e+00  2.6013e+03  2.2795e+00]\n",
      " [ 2.1770e-01  2.2795e+00  2.5465e+03]]\n",
      "\n",
      "\n",
      "0.3053400995651624\n",
      "[[ 2.6210e+03 -1.8667e+00  2.0995e-01]\n",
      " [-1.8667e+00  2.5882e+03  2.3204e+00]\n",
      " [ 2.0995e-01  2.3204e+00  2.5347e+03]]\n",
      "\n",
      "\n",
      "0.30605187820076646\n",
      "[[ 2.6305e+03 -1.8742e+00  2.7144e-01]\n",
      " [-1.8742e+00  2.5979e+03  2.2755e+00]\n",
      " [ 2.7144e-01  2.2755e+00  2.5171e+03]]\n",
      "\n",
      "\n",
      "0.28135143201327867\n",
      "[[ 2.6126e+03 -1.7843e+00  2.5974e-01]\n",
      " [-1.7843e+00  2.5727e+03  2.2700e+00]\n",
      " [ 2.5974e-01  2.2700e+00  2.5181e+03]]\n",
      "\n",
      "\n",
      "0.3034787217189276\n",
      "[[ 2.6126e+03 -1.6495e+00  1.2437e-02]\n",
      " [-1.6495e+00  2.5808e+03  2.2112e+00]\n",
      " [ 1.2437e-02  2.2112e+00  2.5185e+03]]\n",
      "\n",
      "\n",
      "0.2935887287844859\n",
      "[[ 2.6038e+03 -1.5675e+00 -9.4205e-02]\n",
      " [-1.5675e+00  2.5838e+03  2.2329e+00]\n",
      " [-9.4205e-02  2.2329e+00  2.5082e+03]]\n",
      "\n",
      "\n",
      "0.2997587803712122\n",
      "[[ 2.6041e+03 -1.4684e+00 -1.5482e-01]\n",
      " [-1.4684e+00  2.6044e+03  2.2764e+00]\n",
      " [-1.5482e-01  2.2764e+00  2.4979e+03]]\n",
      "\n",
      "\n",
      "0.2883493907871885\n",
      "[[ 2.6167e+03 -1.4226e+00 -1.0004e-01]\n",
      " [-1.4226e+00  2.6103e+03  2.0887e+00]\n",
      " [-1.0004e-01  2.0887e+00  2.4968e+03]]\n",
      "\n",
      "\n",
      "0.30603078007447143\n",
      "[[ 2.6017e+03 -1.5101e+00 -4.1972e-02]\n",
      " [-1.5101e+00  2.5935e+03  2.0412e+00]\n",
      " [-4.1972e-02  2.0412e+00  2.5094e+03]]\n",
      "\n",
      "\n",
      "0.2926065456664186\n",
      "[[ 2.6106e+03 -1.4555e+00 -1.5030e-01]\n",
      " [-1.4555e+00  2.5884e+03  2.1319e+00]\n",
      " [-1.5030e-01  2.1319e+00  2.5043e+03]]\n",
      "\n",
      "\n",
      "0.3044119492669097\n",
      "[[ 2.6043e+03 -1.5297e+00 -4.6208e-02]\n",
      " [-1.5297e+00  2.5749e+03  2.0173e+00]\n",
      " [-4.6208e-02  2.0173e+00  2.4959e+03]]\n",
      "\n",
      "\n",
      "0.30941161575581094\n",
      "[[ 2.5896e+03 -1.5022e+00 -1.0285e-01]\n",
      " [-1.5022e+00  2.5763e+03  1.9202e+00]\n",
      " [-1.0285e-01  1.9202e+00  2.5099e+03]]\n",
      "\n",
      "\n",
      "0.29574105003184553\n",
      "[[ 2.5782e+03 -1.4943e+00 -1.1990e-01]\n",
      " [-1.4943e+00  2.5627e+03  2.0607e+00]\n",
      " [-1.1990e-01  2.0607e+00  2.4967e+03]]\n",
      "\n",
      "\n",
      "0.30237723011198386\n",
      "[[ 2.5673e+03 -1.3960e+00 -7.5322e-02]\n",
      " [-1.3960e+00  2.5862e+03  1.9805e+00]\n",
      " [-7.5322e-02  1.9805e+00  2.5038e+03]]\n",
      "\n",
      "\n",
      "0.3152863262720686\n",
      "[[ 2.5721e+03 -1.4571e+00 -3.1888e-02]\n",
      " [-1.4571e+00  2.5683e+03  2.1374e+00]\n",
      " [-3.1888e-02  2.1374e+00  2.5089e+03]]\n",
      "\n",
      "\n",
      "0.30307421585396715\n",
      "[[ 2.5704e+03 -1.6373e+00  9.5052e-02]\n",
      " [-1.6373e+00  2.5511e+03  2.0299e+00]\n",
      " [ 9.5052e-02  2.0299e+00  2.4939e+03]]\n",
      "\n",
      "\n",
      "0.30182701498020303\n",
      "[[ 2.5655e+03 -1.7039e+00  1.8876e-01]\n",
      " [-1.7039e+00  2.5550e+03  2.0266e+00]\n",
      " [ 1.8876e-01  2.0266e+00  2.4933e+03]]\n",
      "\n",
      "\n",
      "0.30114758110738954\n",
      "[[ 2.5628e+03 -1.6185e+00  2.0403e-01]\n",
      " [-1.6185e+00  2.5820e+03  2.1741e+00]\n",
      " [ 2.0403e-01  2.1741e+00  2.4886e+03]]\n",
      "\n",
      "\n",
      "0.2966171859352637\n",
      "[[ 2.5505e+03 -1.5739e+00  1.4474e-01]\n",
      " [-1.5739e+00  2.5973e+03  2.1127e+00]\n",
      " [ 1.4474e-01  2.1127e+00  2.4888e+03]]\n",
      "\n",
      "\n",
      "0.29585412150752716\n",
      "[[ 2.5536e+03 -1.5145e+00  2.1266e-01]\n",
      " [-1.5145e+00  2.5729e+03  2.0438e+00]\n",
      " [ 2.1266e-01  2.0438e+00  2.4899e+03]]\n",
      "\n",
      "\n",
      "0.31013425710777226\n",
      "[[ 2.5381e+03 -1.3534e+00  2.8823e-01]\n",
      " [-1.3534e+00  2.5773e+03  1.9782e+00]\n",
      " [ 2.8823e-01  1.9782e+00  2.4770e+03]]\n",
      "\n",
      "\n",
      "0.2994928451362185\n",
      "[[ 2.5444e+03 -1.3185e+00  3.8718e-01]\n",
      " [-1.3185e+00  2.5750e+03  1.9152e+00]\n",
      " [ 3.8718e-01  1.9152e+00  2.4725e+03]]\n",
      "\n",
      "\n",
      "0.28520682129580355\n",
      "[[ 2.5465e+03 -1.0442e+00  3.3386e-01]\n",
      " [-1.0442e+00  2.5657e+03  1.9622e+00]\n",
      " [ 3.3386e-01  1.9622e+00  2.4602e+03]]\n",
      "\n",
      "\n",
      "0.30533820560902164\n",
      "[[ 2.5552e+03 -8.8062e-01  5.2470e-01]\n",
      " [-8.8062e-01  2.5637e+03  1.9535e+00]\n",
      " [ 5.2470e-01  1.9535e+00  2.4645e+03]]\n",
      "\n",
      "\n",
      "0.3134270012196059\n",
      "[[ 2.5431e+03 -1.0514e+00  4.4181e-01]\n",
      " [-1.0514e+00  2.5583e+03  2.0035e+00]\n",
      " [ 4.4181e-01  2.0035e+00  2.4622e+03]]\n",
      "\n",
      "\n",
      "0.2993161544852711\n",
      "[[ 2.5430e+03 -9.5495e-01  4.9010e-01]\n",
      " [-9.5495e-01  2.5590e+03  1.9043e+00]\n",
      " [ 4.9010e-01  1.9043e+00  2.4559e+03]]\n",
      "\n",
      "\n"
     ]
    },
    {
     "name": "stdout",
     "output_type": "stream",
     "text": [
      "0.30172532521604295\n",
      "[[ 2.5389e+03 -1.0132e+00  4.1415e-01]\n",
      " [-1.0132e+00  2.5622e+03  1.8688e+00]\n",
      " [ 4.1415e-01  1.8688e+00  2.4570e+03]]\n",
      "\n",
      "\n",
      "0.3117227204543655\n",
      "[[ 2.5371e+03 -1.0398e+00  3.9306e-01]\n",
      " [-1.0398e+00  2.5556e+03  1.8736e+00]\n",
      " [ 3.9306e-01  1.8736e+00  2.4612e+03]]\n",
      "\n",
      "\n",
      "0.3080299499282309\n",
      "[[ 2.5300e+03 -8.8298e-01  3.4352e-01]\n",
      " [-8.8298e-01  2.5385e+03  1.8564e+00]\n",
      " [ 3.4352e-01  1.8564e+00  2.4600e+03]]\n",
      "\n",
      "\n",
      "0.31104893352094315\n",
      "[[ 2.5428e+03 -1.1671e+00  3.4103e-01]\n",
      " [-1.1671e+00  2.5232e+03  1.8830e+00]\n",
      " [ 3.4103e-01  1.8830e+00  2.4547e+03]]\n",
      "\n",
      "\n",
      "0.2984333290769297\n",
      "[[ 2.5515e+03 -1.2518e+00  2.3922e-01]\n",
      " [-1.2518e+00  2.5395e+03  1.9512e+00]\n",
      " [ 2.3922e-01  1.9512e+00  2.4616e+03]]\n",
      "\n",
      "\n",
      "0.29014900415145256\n",
      "[[ 2.5496e+03 -1.3066e+00  3.0259e-01]\n",
      " [-1.3066e+00  2.5420e+03  2.0501e+00]\n",
      " [ 3.0259e-01  2.0501e+00  2.4629e+03]]\n",
      "\n",
      "\n",
      "0.2996635330022618\n",
      "[[ 2.5497e+03 -1.3613e+00  3.6014e-01]\n",
      " [-1.3613e+00  2.5266e+03  1.9988e+00]\n",
      " [ 3.6014e-01  1.9988e+00  2.4673e+03]]\n",
      "\n",
      "\n",
      "0.2973656553931297\n",
      "[[ 2.5426e+03 -1.3938e+00  1.8380e-01]\n",
      " [-1.3938e+00  2.5392e+03  2.1515e+00]\n",
      " [ 1.8380e-01  2.1515e+00  2.4609e+03]]\n",
      "\n",
      "\n",
      "0.3036715950817353\n",
      "[[ 2.5464e+03 -1.3887e+00  8.5777e-02]\n",
      " [-1.3887e+00  2.5555e+03  2.2617e+00]\n",
      " [ 8.5777e-02  2.2617e+00  2.4661e+03]]\n",
      "\n",
      "\n",
      "0.3086460765087523\n",
      "[[ 2.5617e+03 -1.4728e+00  1.4673e-01]\n",
      " [-1.4728e+00  2.5594e+03  2.2881e+00]\n",
      " [ 1.4673e-01  2.2881e+00  2.4572e+03]]\n",
      "\n",
      "\n",
      "0.29651099445752654\n",
      "[[ 2.5387e+03 -1.4778e+00  5.9930e-02]\n",
      " [-1.4778e+00  2.5581e+03  2.3717e+00]\n",
      " [ 5.9930e-02  2.3717e+00  2.4615e+03]]\n",
      "\n",
      "\n",
      "0.3010797992855795\n",
      "[[ 2.5343e+03 -1.4197e+00  8.9041e-02]\n",
      " [-1.4197e+00  2.5578e+03  2.3220e+00]\n",
      " [ 8.9041e-02  2.3220e+00  2.4468e+03]]\n",
      "\n",
      "\n",
      "0.2837004286897662\n",
      "[[ 2.5430e+03 -1.5901e+00  1.7468e-01]\n",
      " [-1.5901e+00  2.5529e+03  2.2020e+00]\n",
      " [ 1.7468e-01  2.2020e+00  2.4460e+03]]\n",
      "\n",
      "\n",
      "0.28964520576224356\n",
      "[[ 2.5346e+03 -1.6749e+00  3.6489e-01]\n",
      " [-1.6749e+00  2.5404e+03  2.1471e+00]\n",
      " [ 3.6489e-01  2.1471e+00  2.4457e+03]]\n",
      "\n",
      "\n",
      "0.3081496922714569\n",
      "[[ 2.5188e+03 -1.5457e+00  3.8583e-01]\n",
      " [-1.5457e+00  2.5512e+03  2.2461e+00]\n",
      " [ 3.8583e-01  2.2461e+00  2.4485e+03]]\n",
      "\n",
      "\n",
      "0.29816934735641376\n",
      "[[ 2.5100e+03 -1.5245e+00  5.1530e-01]\n",
      " [-1.5245e+00  2.5296e+03  2.3657e+00]\n",
      " [ 5.1530e-01  2.3657e+00  2.4517e+03]]\n",
      "\n",
      "\n",
      "0.2999141602433667\n",
      "[[ 2.5207e+03 -1.6270e+00  4.4733e-01]\n",
      " [-1.6270e+00  2.5187e+03  2.4779e+00]\n",
      " [ 4.4733e-01  2.4779e+00  2.4582e+03]]\n",
      "\n",
      "\n",
      "0.3162344656380261\n",
      "[[ 2.5124e+03 -1.7290e+00  6.5313e-01]\n",
      " [-1.7290e+00  2.5243e+03  2.5041e+00]\n",
      " [ 6.5313e-01  2.5041e+00  2.4502e+03]]\n",
      "\n",
      "\n",
      "0.31807566134571774\n",
      "[[ 2.5183e+03 -1.7000e+00  5.1902e-01]\n",
      " [-1.7000e+00  2.5111e+03  2.5194e+00]\n",
      " [ 5.1902e-01  2.5194e+00  2.4535e+03]]\n",
      "\n",
      "\n",
      "0.3059174394080633\n",
      "[[ 2.5306e+03 -1.6807e+00  5.6243e-01]\n",
      " [-1.6807e+00  2.5061e+03  2.4152e+00]\n",
      " [ 5.6243e-01  2.4152e+00  2.4381e+03]]\n",
      "\n",
      "\n",
      "0.29162747620612495\n",
      "[[ 2.5185e+03 -1.7332e+00  4.5382e-01]\n",
      " [-1.7332e+00  2.4982e+03  2.3492e+00]\n",
      " [ 4.5382e-01  2.3492e+00  2.4496e+03]]\n",
      "\n",
      "\n",
      "0.30874660903020396\n",
      "[[ 2.5244e+03 -1.7030e+00  4.2788e-01]\n",
      " [-1.7030e+00  2.4901e+03  2.2941e+00]\n",
      " [ 4.2788e-01  2.2941e+00  2.4390e+03]]\n",
      "\n",
      "\n",
      "0.30319363897488216\n",
      "[[ 2.5115e+03 -1.8360e+00  3.8552e-01]\n",
      " [-1.8360e+00  2.4991e+03  2.3636e+00]\n",
      " [ 3.8552e-01  2.3636e+00  2.4303e+03]]\n",
      "\n",
      "\n",
      "0.3037699684629743\n",
      "[[ 2.5142e+03 -1.8019e+00  5.7483e-01]\n",
      " [-1.8019e+00  2.4864e+03  2.3561e+00]\n",
      " [ 5.7483e-01  2.3561e+00  2.4367e+03]]\n",
      "\n",
      "\n",
      "0.3000067801324311\n",
      "[[ 2.5174e+03 -1.8597e+00  5.1534e-01]\n",
      " [-1.8597e+00  2.4815e+03  2.2087e+00]\n",
      " [ 5.1534e-01  2.2087e+00  2.4442e+03]]\n",
      "\n",
      "\n",
      "0.28863272245006044\n",
      "[[ 2.5089e+03 -1.9836e+00  6.4426e-01]\n",
      " [-1.9836e+00  2.4773e+03  2.0737e+00]\n",
      " [ 6.4426e-01  2.0737e+00  2.4513e+03]]\n",
      "\n",
      "\n",
      "0.2984276310626266\n",
      "[[ 2.4933e+03 -1.9250e+00  6.8307e-01]\n",
      " [-1.9250e+00  2.4804e+03  1.9816e+00]\n",
      " [ 6.8307e-01  1.9816e+00  2.4352e+03]]\n",
      "\n",
      "\n",
      "0.30608835454581845\n",
      "[[ 2.4766e+03 -1.9567e+00  5.2002e-01]\n",
      " [-1.9567e+00  2.4826e+03  2.0135e+00]\n",
      " [ 5.2002e-01  2.0135e+00  2.4377e+03]]\n",
      "\n",
      "\n",
      "0.30683360283009764\n",
      "[[ 2.4830e+03 -2.0095e+00  4.9781e-01]\n",
      " [-2.0095e+00  2.4865e+03  2.0670e+00]\n",
      " [ 4.9781e-01  2.0670e+00  2.4469e+03]]\n",
      "\n",
      "\n",
      "0.2919121094609179\n",
      "[[ 2.4928e+03 -2.1313e+00  7.2156e-01]\n",
      " [-2.1313e+00  2.4955e+03  2.0012e+00]\n",
      " [ 7.2156e-01  2.0012e+00  2.4332e+03]]\n",
      "\n",
      "\n",
      "0.31692664356658135\n",
      "[[ 2.5030e+03 -2.1454e+00  5.3175e-01]\n",
      " [-2.1454e+00  2.5093e+03  1.9536e+00]\n",
      " [ 5.3175e-01  1.9536e+00  2.4206e+03]]\n",
      "\n",
      "\n",
      "0.28931258266983306\n",
      "[[ 2.5119e+03 -2.0318e+00  3.9213e-01]\n",
      " [-2.0318e+00  2.5026e+03  1.9142e+00]\n",
      " [ 3.9213e-01  1.9142e+00  2.4126e+03]]\n",
      "\n",
      "\n",
      "0.29852445233437713\n",
      "[[ 2.5020e+03 -2.1010e+00  4.0379e-01]\n",
      " [-2.1010e+00  2.5129e+03  1.9318e+00]\n",
      " [ 4.0379e-01  1.9318e+00  2.4018e+03]]\n",
      "\n",
      "\n",
      "0.302877378245869\n",
      "[[ 2.4970e+03 -2.0613e+00  2.2195e-01]\n",
      " [-2.0613e+00  2.5085e+03  2.0653e+00]\n",
      " [ 2.2195e-01  2.0653e+00  2.4007e+03]]\n",
      "\n",
      "\n",
      "0.3037586790596123\n",
      "[[ 2.4943e+03 -1.9511e+00  2.1980e-01]\n",
      " [-1.9511e+00  2.5139e+03  2.2116e+00]\n",
      " [ 2.1980e-01  2.2116e+00  2.3977e+03]]\n",
      "\n",
      "\n",
      "0.2969526872609696\n",
      "[[ 2.4810e+03 -1.8923e+00  1.6752e-01]\n",
      " [-1.8923e+00  2.4986e+03  2.1567e+00]\n",
      " [ 1.6752e-01  2.1567e+00  2.4056e+03]]\n",
      "\n",
      "\n",
      "0.28746623061878296\n",
      "[[ 2.4818e+03 -2.0821e+00  4.3247e-01]\n",
      " [-2.0821e+00  2.4913e+03  2.1567e+00]\n",
      " [ 4.3247e-01  2.1567e+00  2.3957e+03]]\n",
      "\n",
      "\n",
      "0.30438581024800065\n",
      "[[ 2.4777e+03 -1.9665e+00  3.9868e-01]\n",
      " [-1.9665e+00  2.4988e+03  2.1455e+00]\n",
      " [ 3.9868e-01  2.1455e+00  2.3984e+03]]\n",
      "\n",
      "\n",
      "0.2886996317802686\n",
      "[[ 2.4612e+03 -2.0544e+00  3.2490e-01]\n",
      " [-2.0544e+00  2.5050e+03  2.1970e+00]\n",
      " [ 3.2490e-01  2.1970e+00  2.4032e+03]]\n",
      "\n",
      "\n",
      "0.3114300669930126\n",
      "[[ 2.4562e+03 -1.9134e+00  1.8900e-01]\n",
      " [-1.9134e+00  2.4918e+03  2.1627e+00]\n",
      " [ 1.8900e-01  2.1627e+00  2.4093e+03]]\n",
      "\n",
      "\n",
      "0.30467431465518807\n",
      "[[ 2.4676e+03 -1.7780e+00  1.2168e-01]\n",
      " [-1.7780e+00  2.4911e+03  2.0419e+00]\n",
      " [ 1.2168e-01  2.0419e+00  2.4088e+03]]\n",
      "\n",
      "\n",
      "0.3133753734730187\n",
      "[[ 2.4614e+03 -1.7011e+00 -1.4560e-01]\n",
      " [-1.7011e+00  2.4908e+03  2.0868e+00]\n",
      " [-1.4560e-01  2.0868e+00  2.4131e+03]]\n",
      "\n",
      "\n",
      "0.29389022599826264\n",
      "[[ 2.4696e+03 -1.7575e+00 -1.5005e-01]\n",
      " [-1.7575e+00  2.5030e+03  2.1088e+00]\n",
      " [-1.5005e-01  2.1088e+00  2.4053e+03]]\n",
      "\n",
      "\n",
      "0.2972663627205009\n",
      "[[ 2.4611e+03 -1.7059e+00 -2.9346e-02]\n",
      " [-1.7059e+00  2.4864e+03  2.1814e+00]\n",
      " [-2.9346e-02  2.1814e+00  2.3854e+03]]\n",
      "\n",
      "\n",
      "0.2929874244087448\n",
      "[[ 2.4779e+03 -1.7453e+00  4.4680e-02]\n",
      " [-1.7453e+00  2.4723e+03  2.1372e+00]\n",
      " [ 4.4680e-02  2.1372e+00  2.3887e+03]]\n",
      "\n",
      "\n",
      "0.29828433545908506\n",
      "[[ 2.4739e+03 -1.7934e+00  1.4902e-01]\n",
      " [-1.7934e+00  2.4690e+03  1.8948e+00]\n",
      " [ 1.4902e-01  1.8948e+00  2.3819e+03]]\n",
      "\n",
      "\n",
      "0.30308899758954766\n",
      "[[ 2.4790e+03 -1.8192e+00  4.3896e-02]\n",
      " [-1.8192e+00  2.4651e+03  2.0723e+00]\n",
      " [ 4.3896e-02  2.0723e+00  2.3808e+03]]\n",
      "\n",
      "\n",
      "0.30953610357870454\n",
      "[[ 2.4849e+03 -1.7380e+00  9.3823e-02]\n",
      " [-1.7380e+00  2.4595e+03  2.0815e+00]\n",
      " [ 9.3823e-02  2.0815e+00  2.3816e+03]]\n",
      "\n",
      "\n",
      "0.30830222147280895\n",
      "[[ 2.4834e+03 -1.8138e+00  2.6759e-01]\n",
      " [-1.8138e+00  2.4571e+03  2.0663e+00]\n",
      " [ 2.6759e-01  2.0663e+00  2.3703e+03]]\n",
      "\n",
      "\n",
      "0.29709999260640835\n",
      "[[ 2.4766e+03 -1.9276e+00  3.3074e-01]\n",
      " [-1.9276e+00  2.4627e+03  2.1197e+00]\n",
      " [ 3.3074e-01  2.1197e+00  2.3766e+03]]\n",
      "\n",
      "\n",
      "0.301399810329256\n",
      "[[ 2.4659e+03 -1.8687e+00  3.7819e-01]\n",
      " [-1.8687e+00  2.4611e+03  2.2154e+00]\n",
      " [ 3.7819e-01  2.2154e+00  2.3775e+03]]\n",
      "\n",
      "\n",
      "0.304768061721884\n",
      "[[ 2.4588e+03 -1.8577e+00  3.2373e-01]\n",
      " [-1.8577e+00  2.4518e+03  1.9628e+00]\n",
      " [ 3.2373e-01  1.9628e+00  2.3660e+03]]\n",
      "\n",
      "\n",
      "0.2924839381155086\n",
      "[[ 2.4551e+03 -1.7833e+00  3.0302e-01]\n",
      " [-1.7833e+00  2.4480e+03  2.0372e+00]\n",
      " [ 3.0302e-01  2.0372e+00  2.3774e+03]]\n",
      "\n",
      "\n",
      "0.28473729083326305\n",
      "[[ 2.4621e+03 -1.7003e+00  2.3415e-01]\n",
      " [-1.7003e+00  2.4590e+03  2.1967e+00]\n",
      " [ 2.3415e-01  2.1967e+00  2.3663e+03]]\n",
      "\n",
      "\n",
      "0.3003754169590297\n",
      "[[ 2.4612e+03 -1.6099e+00  1.3675e-01]\n",
      " [-1.6099e+00  2.4693e+03  2.0015e+00]\n",
      " [ 1.3675e-01  2.0015e+00  2.3662e+03]]\n",
      "\n",
      "\n",
      "0.297093735717785\n",
      "[[ 2.4581e+03 -1.7672e+00  2.3681e-01]\n",
      " [-1.7672e+00  2.4723e+03  1.9088e+00]\n",
      " [ 2.3681e-01  1.9088e+00  2.3610e+03]]\n",
      "\n",
      "\n",
      "0.29119902422619554\n",
      "[[ 2.4508e+03 -1.5561e+00  2.2847e-01]\n",
      " [-1.5561e+00  2.4633e+03  1.9960e+00]\n",
      " [ 2.2847e-01  1.9960e+00  2.3558e+03]]\n",
      "\n",
      "\n",
      "0.29158970717284044\n",
      "[[ 2.4468e+03 -1.6643e+00  1.8274e-01]\n",
      " [-1.6643e+00  2.4601e+03  1.9653e+00]\n",
      " [ 1.8274e-01  1.9653e+00  2.3621e+03]]\n",
      "\n",
      "\n",
      "0.28868953191093\n",
      "[[ 2.4477e+03 -1.7500e+00  3.3396e-01]\n",
      " [-1.7500e+00  2.4582e+03  1.9478e+00]\n",
      " [ 3.3396e-01  1.9478e+00  2.3644e+03]]\n",
      "\n",
      "\n"
     ]
    },
    {
     "name": "stdout",
     "output_type": "stream",
     "text": [
      "0.29722253219482864\n",
      "[[ 2.4399e+03 -1.9285e+00  3.9589e-01]\n",
      " [-1.9285e+00  2.4540e+03  1.8777e+00]\n",
      " [ 3.9589e-01  1.8777e+00  2.3629e+03]]\n",
      "\n",
      "\n",
      "0.29780178502859656\n",
      "[[ 2.4445e+03 -1.9054e+00  3.5458e-01]\n",
      " [-1.9054e+00  2.4449e+03  1.8215e+00]\n",
      " [ 3.5458e-01  1.8215e+00  2.3839e+03]]\n",
      "\n",
      "\n",
      "0.30620064836404143\n",
      "[[ 2.4493e+03 -1.8203e+00  3.9291e-01]\n",
      " [-1.8203e+00  2.4444e+03  1.8532e+00]\n",
      " [ 3.9291e-01  1.8532e+00  2.3857e+03]]\n",
      "\n",
      "\n",
      "0.30214417688324624\n",
      "[[ 2.4269e+03 -1.8204e+00  2.8472e-01]\n",
      " [-1.8204e+00  2.4444e+03  1.6414e+00]\n",
      " [ 2.8472e-01  1.6414e+00  2.3803e+03]]\n",
      "\n",
      "\n",
      "0.2991964295625766\n",
      "[[ 2.4216e+03 -2.0357e+00  4.3908e-01]\n",
      " [-2.0357e+00  2.4492e+03  1.6194e+00]\n",
      " [ 4.3908e-01  1.6194e+00  2.3794e+03]]\n",
      "\n",
      "\n",
      "0.30558446477639645\n",
      "[[ 2.4016e+03 -2.0221e+00  3.5342e-01]\n",
      " [-2.0221e+00  2.4535e+03  1.7347e+00]\n",
      " [ 3.5342e-01  1.7347e+00  2.3615e+03]]\n",
      "\n",
      "\n",
      "0.29599078313167365\n",
      "[[ 2.4088e+03 -1.9927e+00  4.8711e-01]\n",
      " [-1.9927e+00  2.4653e+03  1.8079e+00]\n",
      " [ 4.8711e-01  1.8079e+00  2.3501e+03]]\n",
      "\n",
      "\n",
      "0.3082927513789791\n",
      "[[ 2.4089e+03 -2.1129e+00  5.4332e-01]\n",
      " [-2.1129e+00  2.4507e+03  1.7956e+00]\n",
      " [ 5.4332e-01  1.7956e+00  2.3472e+03]]\n",
      "\n",
      "\n",
      "0.301910982202178\n",
      "[[ 2.4199e+03 -2.0151e+00  4.5775e-01]\n",
      " [-2.0151e+00  2.4450e+03  1.8768e+00]\n",
      " [ 4.5775e-01  1.8768e+00  2.3454e+03]]\n",
      "\n",
      "\n",
      "0.30220824775850397\n",
      "[[ 2.4179e+03 -1.9553e+00  4.6760e-01]\n",
      " [-1.9553e+00  2.4394e+03  1.8624e+00]\n",
      " [ 4.6760e-01  1.8624e+00  2.3515e+03]]\n",
      "\n",
      "\n",
      "0.2911254698660154\n",
      "[[ 2.4180e+03 -1.9120e+00  4.6614e-01]\n",
      " [-1.9120e+00  2.4391e+03  1.7273e+00]\n",
      " [ 4.6614e-01  1.7273e+00  2.3547e+03]]\n",
      "\n",
      "\n",
      "0.30991267064041306\n",
      "[[ 2.4201e+03 -1.9111e+00  2.2890e-01]\n",
      " [-1.9111e+00  2.4397e+03  1.8357e+00]\n",
      " [ 2.2890e-01  1.8357e+00  2.3529e+03]]\n",
      "\n",
      "\n",
      "0.312652122005683\n",
      "[[ 2.4118e+03 -1.8465e+00  1.5284e-01]\n",
      " [-1.8465e+00  2.4375e+03  1.7722e+00]\n",
      " [ 1.5284e-01  1.7722e+00  2.3570e+03]]\n",
      "\n",
      "\n",
      "0.30544180610725485\n",
      "[[ 2.4105e+03 -1.6024e+00  6.9397e-02]\n",
      " [-1.6024e+00  2.4541e+03  1.7614e+00]\n",
      " [ 6.9397e-02  1.7614e+00  2.3581e+03]]\n",
      "\n",
      "\n",
      "0.2913998007234317\n",
      "[[ 2.4016e+03 -1.5058e+00  1.8630e-02]\n",
      " [-1.5058e+00  2.4539e+03  1.8782e+00]\n",
      " [ 1.8630e-02  1.8782e+00  2.3609e+03]]\n",
      "\n",
      "\n",
      "0.29708806638879065\n",
      "[[ 2.3960e+03 -1.4624e+00 -4.9028e-02]\n",
      " [-1.4624e+00  2.4442e+03  1.6473e+00]\n",
      " [-4.9028e-02  1.6473e+00  2.3550e+03]]\n",
      "\n",
      "\n",
      "0.293700795333271\n",
      "[[ 2.4039e+03 -1.3933e+00 -1.8646e-01]\n",
      " [-1.3933e+00  2.4329e+03  1.6315e+00]\n",
      " [-1.8646e-01  1.6315e+00  2.3440e+03]]\n",
      "\n",
      "\n",
      "0.29279209279611557\n",
      "[[ 2.4021e+03 -1.5798e+00 -8.8046e-02]\n",
      " [-1.5798e+00  2.4358e+03  1.7709e+00]\n",
      " [-8.8046e-02  1.7709e+00  2.3548e+03]]\n",
      "\n",
      "\n",
      "0.29902563023964246\n",
      "[[ 2.4043e+03 -1.5652e+00 -3.2684e-02]\n",
      " [-1.5652e+00  2.4379e+03  1.6478e+00]\n",
      " [-3.2684e-02  1.6478e+00  2.3480e+03]]\n",
      "\n",
      "\n",
      "0.30372300358936\n",
      "[[ 2.4168e+03 -1.6659e+00  4.7537e-02]\n",
      " [-1.6659e+00  2.4242e+03  1.6164e+00]\n",
      " [ 4.7537e-02  1.6164e+00  2.3603e+03]]\n",
      "\n",
      "\n",
      "0.30622065144839444\n",
      "[[ 2.3996e+03 -1.7426e+00 -1.6072e-01]\n",
      " [-1.7426e+00  2.4210e+03  1.6125e+00]\n",
      " [-1.6072e-01  1.6125e+00  2.3662e+03]]\n",
      "\n",
      "\n",
      "0.3121000381953399\n",
      "[[ 2.4020e+03 -1.5388e+00 -2.8085e-02]\n",
      " [-1.5388e+00  2.4247e+03  1.6167e+00]\n",
      " [-2.8085e-02  1.6167e+00  2.3519e+03]]\n",
      "\n",
      "\n",
      "0.29887926853441515\n",
      "[[ 2.4060e+03 -1.4662e+00 -1.6232e-01]\n",
      " [-1.4662e+00  2.4315e+03  1.7009e+00]\n",
      " [-1.6232e-01  1.7009e+00  2.3277e+03]]\n",
      "\n",
      "\n",
      "0.30255446292374777\n",
      "[[ 2.4000e+03 -1.3752e+00 -1.6230e-01]\n",
      " [-1.3752e+00  2.4091e+03  1.7163e+00]\n",
      " [-1.6230e-01  1.7163e+00  2.3337e+03]]\n",
      "\n",
      "\n",
      "0.30353134581389346\n",
      "[[ 2.3870e+03 -1.3486e+00 -2.5335e-01]\n",
      " [-1.3486e+00  2.4030e+03  1.7498e+00]\n",
      " [-2.5335e-01  1.7498e+00  2.3218e+03]]\n",
      "\n",
      "\n",
      "0.3090551713305544\n",
      "[[ 2.3925e+03 -1.3697e+00 -2.7316e-01]\n",
      " [-1.3697e+00  2.4187e+03  1.6642e+00]\n",
      " [-2.7316e-01  1.6642e+00  2.3112e+03]]\n",
      "\n",
      "\n",
      "0.2803494854136735\n",
      "[[ 2.4004e+03 -1.3248e+00 -2.3737e-01]\n",
      " [-1.3248e+00  2.4198e+03  1.6990e+00]\n",
      " [-2.3737e-01  1.6990e+00  2.3171e+03]]\n",
      "\n",
      "\n",
      "0.29679646071148463\n",
      "[[ 2.3989e+03 -1.4426e+00 -3.1144e-01]\n",
      " [-1.4426e+00  2.4174e+03  1.8177e+00]\n",
      " [-3.1144e-01  1.8177e+00  2.3108e+03]]\n",
      "\n",
      "\n",
      "0.3015031211602633\n",
      "[[ 2.4001e+03 -1.6258e+00 -3.9713e-01]\n",
      " [-1.6258e+00  2.4096e+03  1.8288e+00]\n",
      " [-3.9713e-01  1.8288e+00  2.3232e+03]]\n",
      "\n",
      "\n",
      "0.3105117068769708\n",
      "[[ 2.4001e+03 -1.6363e+00 -4.2849e-01]\n",
      " [-1.6363e+00  2.4106e+03  1.8162e+00]\n",
      " [-4.2849e-01  1.8162e+00  2.3111e+03]]\n",
      "\n",
      "\n",
      "0.3050412739493697\n",
      "[[ 2.3983e+03 -1.6575e+00 -2.9856e-01]\n",
      " [-1.6575e+00  2.3982e+03  1.9059e+00]\n",
      " [-2.9856e-01  1.9059e+00  2.3005e+03]]\n",
      "\n",
      "\n",
      "0.29153060337293935\n",
      "[[ 2.3909e+03 -1.7962e+00 -2.5914e-01]\n",
      " [-1.7962e+00  2.4011e+03  1.9722e+00]\n",
      " [-2.5914e-01  1.9722e+00  2.2957e+03]]\n",
      "\n",
      "\n",
      "0.3169392305123248\n",
      "[[ 2.3938e+03 -1.7402e+00 -2.2295e-01]\n",
